 21 9 6 0
 1.7275372995708426E-3 0.0E+0
   7.0000000E+02   1.0000000E+00   1.1980662E+04   2.2022200E-02   0.0000000E+00   1.7889940E+03   1.9109431E+03   7.6678807E+02   7.7946904E-02
   7.2000000E+02   1.0000000E+00   1.5484046E+04   3.2955274E-02   0.0000000E+00   1.9824485E+03   2.0590854E+03   7.6678807E+02   7.7946904E-02
   7.4000000E+02   1.0000000E+00   1.8723677E+04   4.8253211E-02   0.0000000E+00   2.1704009E+03   2.2204336E+03   7.6678807E+02   7.7946904E-02
   7.6000000E+02   1.0000000E+00   2.0833684E+04   6.9248705E-02   0.0000000E+00   2.3571687E+03   2.3910345E+03   7.6678807E+02   7.7946904E-02
   7.8000000E+02   1.0000000E+00   2.0406639E+04   9.7555483E-02   0.0000000E+00   2.5453032E+03   2.5694034E+03   7.6678807E+02   7.7946904E-02
   8.0000000E+02   1.0000000E+00   1.5385596E+04   1.3509825E-01   0.0000000E+00   2.7356980E+03   2.7540296E+03   7.6678807E+02   7.7946904E-02
   8.2000000E+02   1.0000000E+00   2.9964826E+03   1.8414091E-01   0.0000000E+00   2.9274487E+03   2.9426575E+03   7.6678807E+02   7.7946904E-02
   8.4000000E+02   1.0000000E+00  -2.0132350E+04   2.4731249E-01   0.0000000E+00   3.1171254E+03   3.1313986E+03   7.6678807E+02   7.7946904E-02
   8.6000000E+02   1.0000000E+00  -5.6565537E+04   3.2763017E-01   0.0000000E+00   3.2881894E+03   3.3090296E+03   7.6678807E+02   7.7946904E-02
   8.8000000E+02   1.0000000E+00  -7.6277713E+04   4.2851891E-01   0.0000000E+00   3.2732155E+03   3.3382764E+03   7.6678807E+02   7.7946904E-02
   9.0000000E+02   1.0000000E+00  -9.8839901E+04   5.5382748E-01   0.0000000E+00   3.2412901E+03   3.3590776E+03   7.6678807E+02   7.7946904E-02
   9.2000000E+02   1.0000000E+00  -1.2653440E+05   7.0784038E-01   0.0000000E+00   3.0859218E+03   3.3795860E+03   7.6678807E+02   7.7946904E-02
   9.4000000E+02   1.0000000E+00  -1.6023222E+05   8.9528573E-01   0.0000000E+00   2.3364407E+03   3.3999523E+03   7.6678807E+02   7.7946904E-02
   9.6000000E+02   1.0000000E+00  -2.0086381E+05   1.1213389E+00   0.0000000E+00   1.2905475E+03   3.4202206E+03   7.6678807E+02   7.7946904E-02
   9.8000000E+02   1.0000000E+00  -2.4943970E+05   1.3916221E+00   0.0000000E+00   1.1061886E+03   3.4404198E+03   7.6678807E+02   7.7946904E-02
   1.0000000E+03   1.0000000E+00  -3.0704973E+05   1.7121994E+00   0.0000000E+00   1.1155216E+03   3.4605696E+03   7.6678807E+02   7.7946904E-02
   1.0200000E+03   1.0000000E+00  -3.7486153E+05   2.0895687E+00   0.0000000E+00   1.1254688E+03   3.4806836E+03   7.6678807E+02   7.7946904E-02
   1.0400000E+03   1.0000000E+00  -4.5411840E+05   2.5306493E+00   0.0000000E+00   1.1382605E+03   3.5007714E+03   7.6678807E+02   7.7946904E-02
   1.0600000E+03   1.0000000E+00  -5.4613649E+05   3.0427662E+00   0.0000000E+00   1.1288469E+03   3.5208395E+03   7.6678807E+02   7.7946904E-02
   1.0800000E+03   1.0000000E+00  -6.5230146E+05   3.6336315E+00   0.0000000E+00   1.1345603E+03   3.5408930E+03   7.6678807E+02   7.7946904E-02
   1.1000000E+03   1.0000000E+00  -7.7406465E+05   4.3113230E+00   0.0000000E+00   1.1589117E+03   3.5609353E+03   7.6678807E+02   7.7946904E-02
   7.0000000E+02   8.0000000E+00   1.8613672E+04   2.2022200E-02   0.0000000E+00   1.3884321E+03   1.3906149E+03   8.8854583E+02   4.7883492E-01
   7.2000000E+02   8.0000000E+00   2.6457845E+04   3.2955274E-02   0.0000000E+00   1.4833130E+03   1.4838315E+03   8.8854583E+02   4.7883492E-01
   7.4000000E+02   8.0000000E+00   3.6565454E+04   4.8253211E-02   0.0000000E+00   1.5815605E+03   1.5816712E+03   8.8854583E+02   4.7883492E-01
   7.6000000E+02   8.0000000E+00   4.9167885E+04   6.9248705E-02   0.0000000E+00   1.6841633E+03   1.6841853E+03   8.8854583E+02   4.7883492E-01
   7.8000000E+02   8.0000000E+00   6.4341736E+04   9.7555483E-02   0.0000000E+00   1.7913853E+03   1.7913895E+03   8.8854583E+02   4.7883492E-01
   8.0000000E+02   8.0000000E+00   8.1918612E+04   1.3509825E-01   0.0000000E+00   1.9032534E+03   1.9032542E+03   8.8854583E+02   4.7883492E-01
   8.2000000E+02   8.0000000E+00   1.0137646E+05   1.8414091E-01   0.0000000E+00   2.0196952E+03   2.0196953E+03   8.8854583E+02   4.7883492E-01
   8.4000000E+02   8.0000000E+00   1.2171449E+05   2.4731249E-01   0.0000000E+00   2.1405642E+03   2.1405643E+03   8.8854583E+02   4.7883492E-01
   8.6000000E+02   8.0000000E+00   1.4131594E+05   3.2763017E-01   0.0000000E+00   2.2656348E+03   2.2656348E+03   8.8854583E+02   4.7883492E-01
   8.8000000E+02   8.0000000E+00   1.5780613E+05   4.2851891E-01   0.0000000E+00   2.3945874E+03   2.3945874E+03   8.8854583E+02   4.7883492E-01
   9.0000000E+02   8.0000000E+00   1.6791759E+05   5.5382748E-01   0.0000000E+00   2.5269890E+03   2.5269890E+03   8.8854583E+02   4.7883492E-01
   9.2000000E+02   8.0000000E+00   1.6738049E+05   7.0784038E-01   0.0000000E+00   2.6622647E+03   2.6622647E+03   8.8854583E+02   4.7883492E-01
   9.4000000E+02   8.0000000E+00   1.5086809E+05   8.9528573E-01   0.0000000E+00   2.7996553E+03   2.7996553E+03   8.8854583E+02   4.7883492E-01
   9.6000000E+02   8.0000000E+00   1.1204910E+05   1.1213389E+00   0.0000000E+00   2.9381462E+03   2.9381462E+03   8.8854583E+02   4.7883492E-01
   9.8000000E+02   8.0000000E+00   4.3851155E+04   1.3916221E+00   0.0000000E+00   3.0763332E+03   3.0763332E+03   8.8854583E+02   4.7883492E-01
   1.0000000E+03   8.0000000E+00  -6.0806350E+04   1.7121994E+00   0.0000000E+00   3.2121204E+03   3.2121204E+03   8.8854583E+02   4.7883492E-01
   1.0200000E+03   8.0000000E+00  -2.0692439E+05   2.0895687E+00   0.0000000E+00   3.3418427E+03   3.3418427E+03   8.8854583E+02   4.7883492E-01
   1.0400000E+03   8.0000000E+00  -3.8822045E+05   2.5306493E+00   0.0000000E+00   3.4557864E+03   3.4557864E+03   8.8854583E+02   4.7883492E-01
   1.0600000E+03   8.0000000E+00  -5.2495465E+05   3.0427662E+00   0.0000000E+00   3.5088135E+03   3.5088135E+03   8.8854583E+02   4.7883492E-01
   1.0800000E+03   8.0000000E+00  -6.3229274E+05   3.6336315E+00   0.0000000E+00   3.5313802E+03   3.5313802E+03   8.8854583E+02   4.7883492E-01
   1.1000000E+03   8.0000000E+00  -7.5477643E+05   4.3113230E+00   0.0000000E+00   3.5515755E+03   3.5532065E+03   8.8854583E+02   4.7883492E-01
   7.0000000E+02   1.5000000E+01   2.0044131E+04   2.2022200E-02   0.0000000E+00   1.2780562E+03   1.2784021E+03   9.3328654E+02   8.2832685E-01
   7.2000000E+02   1.5000000E+01   2.8832204E+04   3.2955274E-02   0.0000000E+00   1.3593154E+03   1.3593660E+03   9.3328654E+02   8.2832685E-01
   7.4000000E+02   1.5000000E+01   4.0410214E+04   4.8253211E-02   0.0000000E+00   1.4440168E+03   1.4440231E+03   9.3328654E+02   8.2832685E-01
   7.6000000E+02   1.5000000E+01   5.5251184E+04   6.9248705E-02   0.0000000E+00   1.5324254E+03   1.5324261E+03   9.3328654E+02   8.2832685E-01
   7.8000000E+02   1.5000000E+01   7.3760121E+04   9.7555483E-02   0.0000000E+00   1.6246063E+03   1.6246063E+03   9.3328654E+02   8.2832685E-01
   8.0000000E+02   1.5000000E+01   9.6205085E+04   1.3509825E-01   0.0000000E+00   1.7205692E+03   1.7205692E+03   9.3328654E+02   8.2832685E-01
   8.2000000E+02   1.5000000E+01   1.2263131E+05   1.8414091E-01   0.0000000E+00   1.8202907E+03   1.8202907E+03   9.3328654E+02   8.2832685E-01
   8.4000000E+02   1.5000000E+01   1.5275879E+05   2.4731249E-01   0.0000000E+00   1.9237124E+03   1.9237124E+03   9.3328654E+02   8.2832685E-01
   8.6000000E+02   1.5000000E+01   1.8586485E+05   3.2763017E-01   0.0000000E+00   2.0307360E+03   2.0307360E+03   9.3328654E+02   8.2832685E-01
   8.8000000E+02   1.5000000E+01   2.2065494E+05   4.2851891E-01   0.0000000E+00   2.1412178E+03   2.1412178E+03   9.3328654E+02   8.2832685E-01
   9.0000000E+02   1.5000000E+01   2.5512646E+05   5.5382748E-01   0.0000000E+00   2.2549611E+03   2.2549611E+03   9.3328654E+02   8.2832685E-01
   9.2000000E+02   1.5000000E+01   2.8643297E+05   7.0784038E-01   0.0000000E+00   2.3717083E+03   2.3717083E+03   9.3328654E+02   8.2832685E-01
   9.4000000E+02   1.5000000E+01   3.1075888E+05   8.9528573E-01   0.0000000E+00   2.4911311E+03   2.4911311E+03   9.3328654E+02   8.2832685E-01
   9.6000000E+02   1.5000000E+01   3.2321865E+05   1.1213389E+00   0.0000000E+00   2.6128179E+03   2.6128179E+03   9.3328654E+02   8.2832685E-01
   9.8000000E+02   1.5000000E+01   3.1780104E+05   1.3916221E+00   0.0000000E+00   2.7362562E+03   2.7362562E+03   9.3328654E+02   8.2832685E-01
   1.0000000E+03   1.5000000E+01   2.8739001E+05   1.7121994E+00   0.0000000E+00   2.8608049E+03   2.8608049E+03   9.3328654E+02   8.2832685E-01
   1.0200000E+03   1.5000000E+01   2.2391716E+05   2.0895687E+00   0.0000000E+00   2.9856473E+03   2.9856473E+03   9.3328654E+02   8.2832685E-01
   1.0400000E+03   1.5000000E+01   1.1875319E+05   2.5306493E+00   0.0000000E+00   3.1097029E+03   3.1097029E+03   9.3328654E+02   8.2832685E-01
   1.0600000E+03   1.5000000E+01  -3.6416889E+04   3.0427662E+00   0.0000000E+00   3.2314451E+03   3.2314451E+03   9.3328654E+02   8.2832685E-01
   1.0800000E+03   1.5000000E+01  -2.4756472E+05   3.6336315E+00   0.0000000E+00   3.3484690E+03   3.3484690E+03   9.3328654E+02   8.2832685E-01
   1.1000000E+03   1.5000000E+01  -5.1269252E+05   4.3113230E+00   0.0000000E+00   3.4562040E+03   3.4562040E+03   9.3328654E+02   8.2832685E-01
   7.0000000E+02   2.2000000E+01   2.0823009E+04   2.2022200E-02   0.0000000E+00   1.2172086E+03   1.2173028E+03   9.6280639E+02   1.1564628E+00
   7.2000000E+02   2.2000000E+01   3.0121068E+04   3.2955274E-02   0.0000000E+00   1.2917931E+03   1.2918030E+03   9.6280639E+02   1.1564628E+00
   7.4000000E+02   2.2000000E+01   4.2491316E+04   4.8253211E-02   0.0000000E+00   1.3695156E+03   1.3695165E+03   9.6280639E+02   1.1564628E+00
   7.6000000E+02   2.2000000E+01   5.8535566E+04   6.9248705E-02   0.0000000E+00   1.4504910E+03   1.4504911E+03   9.6280639E+02   1.1564628E+00
   7.8000000E+02   2.2000000E+01   7.8833907E+04   9.7555483E-02   0.0000000E+00   1.5347584E+03   1.5347584E+03   9.6280639E+02   1.1564628E+00
   8.0000000E+02   2.2000000E+01   1.0388754E+05   1.3509825E-01   0.0000000E+00   1.6223317E+03   1.6223317E+03   9.6280639E+02   1.1564628E+00
   8.2000000E+02   2.2000000E+01   1.3404598E+05   1.8414091E-01   0.0000000E+00   1.7132029E+03   1.7132029E+03   9.6280639E+02   1.1564628E+00
   8.4000000E+02   2.2000000E+01   1.6941855E+05   2.4731249E-01   0.0000000E+00   1.8073399E+03   1.8073400E+03   9.6280639E+02   1.1564628E+00
   8.6000000E+02   2.2000000E+01   2.0977092E+05   3.2763017E-01   0.0000000E+00   1.9046834E+03   1.9046834E+03   9.6280639E+02   1.1564628E+00
   8.8000000E+02   2.2000000E+01   2.5440865E+05   4.2851891E-01   0.0000000E+00   2.0051426E+03   2.0051426E+03   9.6280639E+02   1.1564628E+00
   9.0000000E+02   2.2000000E+01   3.0205075E+05   5.5382748E-01   0.0000000E+00   2.1085915E+03   2.1085915E+03   9.6280639E+02   1.1564628E+00
   9.2000000E+02   2.2000000E+01   3.5069813E+05   7.0784038E-01   0.0000000E+00   2.2148643E+03   2.2148643E+03   9.6280639E+02   1.1564628E+00
   9.4000000E+02   2.2000000E+01   3.9750285E+05   8.9528573E-01   0.0000000E+00   2.3237505E+03   2.3237505E+03   9.6280639E+02   1.1564628E+00
   9.6000000E+02   2.2000000E+01   4.3864655E+05   1.1213389E+00   0.0000000E+00   2.4349894E+03   2.4349894E+03   9.6280639E+02   1.1564628E+00
   9.8000000E+02   2.2000000E+01   4.6923857E+05   1.3916221E+00   0.0000000E+00   2.5482641E+03   2.5482641E+03   9.6280639E+02   1.1564628E+00
   1.0000000E+03   2.2000000E+01   4.8324757E+05   1.7121994E+00   0.0000000E+00   2.6631928E+03   2.6631928E+03   9.6280639E+02   1.1564628E+00
   1.0200000E+03   2.2000000E+01   4.7348646E+05   2.0895687E+00   0.0000000E+00   2.7793175E+03   2.7793175E+03   9.6280639E+02   1.1564628E+00
   1.0400000E+03   2.2000000E+01   4.3168090E+05   2.5306493E+00   0.0000000E+00   2.8960841E+03   2.8960841E+03   9.6280639E+02   1.1564628E+00
   1.0600000E+03   2.2000000E+01   3.4867429E+05   3.0427662E+00   0.0000000E+00   3.0128087E+03   3.0128087E+03   9.6280639E+02   1.1564628E+00
   1.0800000E+03   2.2000000E+01   2.1487176E+05   3.6336315E+00   0.0000000E+00   3.1286128E+03   3.1286128E+03   9.6280639E+02   1.1564628E+00
   1.1000000E+03   2.2000000E+01   2.1144537E+04   4.3113230E+00   0.0000000E+00   3.2422967E+03   3.2422967E+03   9.6280639E+02   1.1564628E+00
   7.0000000E+02   2.9000000E+01   2.1345998E+04   2.2022200E-02   0.0000000E+00   1.1762432E+03   1.1762768E+03   9.8527989E+02   1.4711083E+00
   7.2000000E+02   2.9000000E+01   3.0984787E+04   3.2955274E-02   0.0000000E+00   1.2465235E+03   1.2465262E+03   9.8527989E+02   1.4711083E+00
   7.4000000E+02   2.9000000E+01   4.3883345E+04   4.8253211E-02   0.0000000E+00   1.3196796E+03   1.3196798E+03   9.8527989E+02   1.4711083E+00
   7.6000000E+02   2.9000000E+01   6.0728668E+04   6.9248705E-02   0.0000000E+00   1.3957801E+03   1.3957801E+03   9.8527989E+02   1.4711083E+00
   7.8000000E+02   2.9000000E+01   8.2216580E+04   9.7555483E-02   0.0000000E+00   1.4748572E+03   1.4748572E+03   9.8527989E+02   1.4711083E+00
   8.0000000E+02   2.9000000E+01   1.0900243E+05   1.3509825E-01   0.0000000E+00   1.5569262E+03   1.5569262E+03   9.8527989E+02   1.4711083E+00
   8.2000000E+02   2.9000000E+01   1.4163712E+05   1.8414091E-01   0.0000000E+00   1.6419857E+03   1.6419857E+03   9.8527989E+02   1.4711083E+00
   8.4000000E+02   2.9000000E+01   1.8048826E+05   2.4731249E-01   0.0000000E+00   1.7300153E+03   1.7300153E+03   9.8527989E+02   1.4711083E+00
   8.6000000E+02   2.9000000E+01   2.2564671E+05   3.2763017E-01   0.0000000E+00   1.8209732E+03   1.8209732E+03   9.8527989E+02   1.4711083E+00
   8.8000000E+02   2.9000000E+01   2.7681994E+05   4.2851891E-01   0.0000000E+00   1.9147934E+03   1.9147934E+03   9.8527989E+02   1.4711083E+00
   9.0000000E+02   2.9000000E+01   3.3321458E+05   5.5382748E-01   0.0000000E+00   2.0113832E+03   2.0113832E+03   9.8527989E+02   1.4711083E+00
   9.2000000E+02   2.9000000E+01   3.9341146E+05   7.0784038E-01   0.0000000E+00   2.1106193E+03   2.1106193E+03   9.8527989E+02   1.4711083E+00
   9.4000000E+02   2.9000000E+01   4.5523799E+05   8.9528573E-01   0.0000000E+00   2.2123452E+03   2.2123452E+03   9.8527989E+02   1.4711083E+00
   9.6000000E+02   2.9000000E+01   5.1564365E+05   1.1213389E+00   0.0000000E+00   2.3163675E+03   2.3163675E+03   9.8527989E+02   1.4711083E+00
   9.8000000E+02   2.9000000E+01   5.7058605E+05   1.3916221E+00   0.0000000E+00   2.4224529E+03   2.4224529E+03   9.8527989E+02   1.4711083E+00
   1.0000000E+03   2.9000000E+01   6.1493641E+05   1.7121994E+00   0.0000000E+00   2.5303243E+03   2.5303243E+03   9.8527989E+02   1.4711083E+00
   1.0200000E+03   2.9000000E+01   6.4241558E+05   2.0895687E+00   0.0000000E+00   2.6396564E+03   2.6396564E+03   9.8527989E+02   1.4711083E+00
   1.0400000E+03   2.9000000E+01   6.4557547E+05   2.5306493E+00   0.0000000E+00   2.7500699E+03   2.7500699E+03   9.8527989E+02   1.4711083E+00
   1.0600000E+03   2.9000000E+01   6.1584737E+05   3.0427662E+00   0.0000000E+00   2.8611206E+03   2.8611206E+03   9.8527989E+02   1.4711083E+00
   1.0800000E+03   2.9000000E+01   5.4369341E+05   3.6336315E+00   0.0000000E+00   2.9722812E+03   2.9722812E+03   9.8527989E+02   1.4711083E+00
   1.1000000E+03   2.9000000E+01   4.1892677E+05   4.3113230E+00   0.0000000E+00   3.0829063E+03   3.0829063E+03   9.8527989E+02   1.4711083E+00
   7.0000000E+02   3.6000000E+01   2.1734290E+04   2.2022200E-02   0.0000000E+00   1.1458030E+03   1.1458171E+03   1.0036163E+03   1.7760316E+00
   7.2000000E+02   3.6000000E+01   3.1625127E+04   3.2955274E-02   0.0000000E+00   1.2129582E+03   1.2129592E+03   1.0036163E+03   1.7760316E+00
   7.4000000E+02   3.6000000E+01   4.4913938E+04   4.8253211E-02   0.0000000E+00   1.2827829E+03   1.2827830E+03   1.0036163E+03   1.7760316E+00
   7.6000000E+02   3.6000000E+01   6.2350236E+04   6.9248705E-02   0.0000000E+00   1.3553271E+03   1.3553271E+03   1.0036163E+03   1.7760316E+00
   7.8000000E+02   3.6000000E+01   8.4714727E+04   9.7555483E-02   0.0000000E+00   1.4306194E+03   1.4306194E+03   1.0036163E+03   1.7760316E+00
   8.0000000E+02   3.6000000E+01   1.1277578E+05   1.3509825E-01   0.0000000E+00   1.5086753E+03   1.5086753E+03   1.0036163E+03   1.7760316E+00
   8.2000000E+02   3.6000000E+01   1.4723204E+05   1.8414091E-01   0.0000000E+00   1.5894965E+03   1.5894965E+03   1.0036163E+03   1.7760316E+00
   8.4000000E+02   3.6000000E+01   1.8864070E+05   2.4731249E-01   0.0000000E+00   1.6730686E+03   1.6730686E+03   1.0036163E+03   1.7760316E+00
   8.6000000E+02   3.6000000E+01   2.3733180E+05   3.2763017E-01   0.0000000E+00   1.7593597E+03   1.7593597E+03   1.0036163E+03   1.7760316E+00
   8.8000000E+02   3.6000000E+01   2.9330928E+05   4.2851891E-01   0.0000000E+00   1.8483181E+03   1.8483181E+03   1.0036163E+03   1.7760316E+00
   9.0000000E+02   3.6000000E+01   3.5614095E+05   5.5382748E-01   0.0000000E+00   1.9398696E+03   1.9398696E+03   1.0036163E+03   1.7760316E+00
   9.2000000E+02   3.6000000E+01   4.2483994E+05   7.0784038E-01   0.0000000E+00   2.0339157E+03   2.0339157E+03   1.0036163E+03   1.7760316E+00
   9.4000000E+02   3.6000000E+01   4.9774165E+05   8.9528573E-01   0.0000000E+00   2.1303304E+03   2.1303304E+03   1.0036163E+03   1.7760316E+00
   9.6000000E+02   3.6000000E+01   5.7238077E+05   1.1213389E+00   0.0000000E+00   2.2289582E+03   2.2289582E+03   1.0036163E+03   1.7760316E+00
   9.8000000E+02   3.6000000E+01   6.4537450E+05   1.3916221E+00   0.0000000E+00   2.3296118E+03   2.3296118E+03   1.0036163E+03   1.7760316E+00
   1.0000000E+03   3.6000000E+01   7.1231841E+05   1.7121994E+00   0.0000000E+00   2.4320699E+03   2.4320699E+03   1.0036163E+03   1.7760316E+00
   1.0200000E+03   3.6000000E+01   7.6770316E+05   2.0895687E+00   0.0000000E+00   2.5360757E+03   2.5360757E+03   1.0036163E+03   1.7760316E+00
   1.0400000E+03   3.6000000E+01   8.0486103E+05   2.5306493E+00   0.0000000E+00   2.6413343E+03   2.6413343E+03   1.0036163E+03   1.7760316E+00
   1.0600000E+03   3.6000000E+01   8.1595468E+05   3.0427662E+00   0.0000000E+00   2.7475092E+03   2.7475092E+03   1.0036163E+03   1.7760316E+00
   1.0800000E+03   3.6000000E+01   7.9202498E+05   3.6336315E+00   0.0000000E+00   2.8542169E+03   2.8542169E+03   1.0036163E+03   1.7760316E+00
   1.1000000E+03   3.6000000E+01   7.2312615E+05   4.3113230E+00   0.0000000E+00   2.9610143E+03   2.9610143E+03   1.0036163E+03   1.7760316E+00
   7.0000000E+02   4.3000000E+01   2.2040281E+04   2.2022200E-02   0.0000000E+00   1.1218069E+03   1.1218136E+03   1.0192080E+03   2.0734594E+00
   7.2000000E+02   4.3000000E+01   3.2129174E+04   3.2955274E-02   0.0000000E+00   1.1865363E+03   1.1865367E+03   1.0192080E+03   2.0734594E+00
   7.4000000E+02   4.3000000E+01   4.5724297E+04   4.8253211E-02   0.0000000E+00   1.2537709E+03   1.2537709E+03   1.0192080E+03   2.0734594E+00
   7.6000000E+02   4.3000000E+01   6.3623968E+04   6.9248705E-02   0.0000000E+00   1.3235515E+03   1.3235515E+03   1.0192080E+03   2.0734594E+00
   7.8000000E+02   4.3000000E+01   8.6675125E+04   9.7555483E-02   0.0000000E+00   1.3959042E+03   1.3959042E+03   1.0192080E+03   2.0734594E+00
   8.0000000E+02   4.3000000E+01   1.1573429E+05   1.3509825E-01   0.0000000E+00   1.4708441E+03   1.4708441E+03   1.0192080E+03   2.0734594E+00
   8.2000000E+02   4.3000000E+01   1.5161531E+05   1.8414091E-01   0.0000000E+00   1.5483743E+03   1.5483743E+03   1.0192080E+03   2.0734594E+00
   8.4000000E+02   4.3000000E+01   1.9502335E+05   2.4731249E-01   0.0000000E+00   1.6284842E+03   1.6284842E+03   1.0192080E+03   2.0734594E+00
   8.6000000E+02   4.3000000E+01   2.4647523E+05   3.2763017E-01   0.0000000E+00   1.7111480E+03   1.7111480E+03   1.0192080E+03   2.0734594E+00
   8.8000000E+02   4.3000000E+01   3.0620683E+05   4.2851891E-01   0.0000000E+00   1.7963227E+03   1.7963227E+03   1.0192080E+03   2.0734594E+00
   9.0000000E+02   4.3000000E+01   3.7406924E+05   5.5382748E-01   0.0000000E+00   1.8839465E+03   1.8839465E+03   1.0192080E+03   2.0734594E+00
   9.2000000E+02   4.3000000E+01   4.4941591E+05   7.0784038E-01   0.0000000E+00   1.9739362E+03   1.9739362E+03   1.0192080E+03   2.0734594E+00
   9.4000000E+02   4.3000000E+01   5.3098418E+05   8.9528573E-01   0.0000000E+00   2.0661858E+03   2.0661858E+03   1.0192080E+03   2.0734594E+00
   9.6000000E+02   4.3000000E+01   6.1677528E+05   1.1213389E+00   0.0000000E+00   2.1605639E+03   2.1605639E+03   1.0192080E+03   2.0734594E+00
   9.8000000E+02   4.3000000E+01   7.0393781E+05   1.3916221E+00   0.0000000E+00   2.2569122E+03   2.2569122E+03   1.0192080E+03   2.0734594E+00
   1.0000000E+03   4.3000000E+01   7.8866018E+05   1.7121994E+00   0.0000000E+00   2.3550443E+03   2.3550443E+03   1.0192080E+03   2.0734594E+00
   1.0200000E+03   4.3000000E+01   8.6607854E+05   2.0895687E+00   0.0000000E+00   2.4547445E+03   2.4547445E+03   1.0192080E+03   2.0734594E+00
   1.0400000E+03   4.3000000E+01   9.3020692E+05   2.5306493E+00   0.0000000E+00   2.5557674E+03   2.5557674E+03   1.0192080E+03   2.0734594E+00
   1.0600000E+03   4.3000000E+01   9.7389766E+05   3.0427662E+00   0.0000000E+00   2.6578367E+03   2.6578367E+03   1.0192080E+03   2.0734594E+00
   1.0800000E+03   4.3000000E+01   9.8884209E+05   3.6336315E+00   0.0000000E+00   2.7606442E+03   2.7606442E+03   1.0192080E+03   2.0734594E+00
   1.1000000E+03   4.3000000E+01   9.6562592E+05   4.3113230E+00   0.0000000E+00   2.8638452E+03   2.8638452E+03   1.0192080E+03   2.0734594E+00
   7.0000000E+02   5.0000000E+01   2.2291150E+04   2.2022200E-02   0.0000000E+00   1.1021307E+03   1.1021341E+03   1.0328356E+03   2.3648686E+00
   7.2000000E+02   5.0000000E+01   3.2542046E+04   3.2955274E-02   0.0000000E+00   1.1648935E+03   1.1648937E+03   1.0328356E+03   2.3648686E+00
   7.4000000E+02   5.0000000E+01   4.6387484E+04   4.8253211E-02   0.0000000E+00   1.2300278E+03   1.2300278E+03   1.0328356E+03   2.3648686E+00
   7.6000000E+02   5.0000000E+01   6.4665490E+04   6.9248705E-02   0.0000000E+00   1.2975688E+03   1.2975688E+03   1.0328356E+03   2.3648686E+00
   7.8000000E+02   5.0000000E+01   8.8276847E+04   9.7555483E-02   0.0000000E+00   1.3675405E+03   1.3675405E+03   1.0328356E+03   2.3648686E+00
   8.0000000E+02   5.0000000E+01   1.1814972E+05   1.3509825E-01   0.0000000E+00   1.4399573E+03   1.4399574E+03   1.0328356E+03   2.3648686E+00
   8.2000000E+02   5.0000000E+01   1.5519158E+05   1.8414091E-01   0.0000000E+00   1.5148232E+03   1.5148232E+03   1.0328356E+03   2.3648686E+00
   8.4000000E+02   5.0000000E+01   2.0022784E+05   2.4731249E-01   0.0000000E+00   1.5921297E+03   1.5921297E+03   1.0328356E+03   2.3648686E+00
   8.6000000E+02   5.0000000E+01   2.5392720E+05   3.2763017E-01   0.0000000E+00   1.6718550E+03   1.6718550E+03   1.0328356E+03   2.3648686E+00
   8.8000000E+02   5.0000000E+01   3.1671439E+05   4.2851891E-01   0.0000000E+00   1.7539624E+03   1.7539624E+03   1.0328356E+03   2.3648686E+00
   9.0000000E+02   5.0000000E+01   3.8867145E+05   5.5382748E-01   0.0000000E+00   1.8383982E+03   1.8383982E+03   1.0328356E+03   2.3648686E+00
   9.2000000E+02   5.0000000E+01   4.6942999E+05   7.0784038E-01   0.0000000E+00   1.9250904E+03   1.9250904E+03   1.0328356E+03   2.3648686E+00
   9.4000000E+02   5.0000000E+01   5.5805702E+05   8.9528573E-01   0.0000000E+00   2.0139463E+03   2.0139463E+03   1.0328356E+03   2.3648686E+00
   9.6000000E+02   5.0000000E+01   6.5293820E+05   1.1213389E+00   0.0000000E+00   2.1048512E+03   2.1048512E+03   1.0328356E+03   2.3648686E+00
   9.8000000E+02   5.0000000E+01   7.5166288E+05   1.3916221E+00   0.0000000E+00   2.1976671E+03   2.1976671E+03   1.0328356E+03   2.3648686E+00
   1.0000000E+03   5.0000000E+01   8.5091581E+05   1.7121994E+00   0.0000000E+00   2.2922310E+03   2.2922310E+03   1.0328356E+03   2.3648686E+00
   1.0200000E+03   5.0000000E+01   9.4638101E+05   2.0895687E+00   0.0000000E+00   2.3883550E+03   2.3883550E+03   1.0328356E+03   2.3648686E+00
   1.0400000E+03   5.0000000E+01   1.0326633E+06   2.5306493E+00   0.0000000E+00   2.4858260E+03   2.4858260E+03   1.0328356E+03   2.3648686E+00
   1.0600000E+03   5.0000000E+01   1.1032339E+06   3.0427662E+00   0.0000000E+00   2.5844058E+03   2.5844058E+03   1.0328356E+03   2.3648686E+00
   1.0800000E+03   5.0000000E+01   1.1504059E+06   3.6336315E+00   0.0000000E+00   2.6838319E+03   2.6838319E+03   1.0328356E+03   2.3648686E+00
   1.1000000E+03   5.0000000E+01   1.1653498E+06   4.3113230E+00   0.0000000E+00   2.7838163E+03   2.7838163E+03   1.0328356E+03   2.3648686E+00
   7.0000000E+02   5.7000000E+01   2.2502717E+04   2.2022200E-02   0.0000000E+00   1.0855359E+03   1.0855377E+03   1.0449833E+03   2.6513134E+00
   7.2000000E+02   5.7000000E+01   3.2889971E+04   3.2955274E-02   0.0000000E+00   1.1466551E+03   1.1466552E+03   1.0449833E+03   2.6513134E+00
   7.4000000E+02   5.7000000E+01   4.6945933E+04   4.8253211E-02   0.0000000E+00   1.2100345E+03   1.2100345E+03   1.0449833E+03   2.6513134E+00
   7.6000000E+02   5.7000000E+01   6.5541895E+04   6.9248705E-02   0.0000000E+00   1.2757052E+03   1.2757052E+03   1.0449833E+03   2.6513134E+00
   7.8000000E+02   5.7000000E+01   8.9623723E+04   9.7555483E-02   0.0000000E+00   1.3436896E+03   1.3436896E+03   1.0449833E+03   2.6513134E+00
   8.0000000E+02   5.7000000E+01   1.2017955E+05   1.3509825E-01   0.0000000E+00   1.4140014E+03   1.4140014E+03   1.0449833E+03   2.6513134E+00
   8.2000000E+02   5.7000000E+01   1.5819518E+05   1.8414091E-01   0.0000000E+00   1.4866446E+03   1.4866446E+03   1.0449833E+03   2.6513134E+00
   8.4000000E+02   5.7000000E+01   2.0459666E+05   2.4731249E-01   0.0000000E+00   1.5616124E+03   1.5616124E+03   1.0449833E+03   2.6513134E+00
   8.6000000E+02   5.7000000E+01   2.6017986E+05   3.2763017E-01   0.0000000E+00   1.6388858E+03   1.6388858E+03   1.0449833E+03   2.6513134E+00
   8.8000000E+02   5.7000000E+01   3.2552766E+05   4.2851891E-01   0.0000000E+00   1.7184324E+03   1.7184324E+03   1.0449833E+03   2.6513134E+00
   9.0000000E+02   5.7000000E+01   4.0091585E+05   5.5382748E-01   0.0000000E+00   1.8002046E+03   1.8002047E+03   1.0449833E+03   2.6513134E+00
   9.2000000E+02   5.7000000E+01   4.8620968E+05   7.0784038E-01   0.0000000E+00   1.8841383E+03   1.8841383E+03   1.0449833E+03   2.6513134E+00
   9.4000000E+02   5.7000000E+01   5.8075378E+05   8.9528573E-01   0.0000000E+00   1.9701507E+03   1.9701507E+03   1.0449833E+03   2.6513134E+00
   9.6000000E+02   5.7000000E+01   6.8325860E+05   1.1213389E+00   0.0000000E+00   2.0581396E+03   2.0581396E+03   1.0449833E+03   2.6513134E+00
   9.8000000E+02   5.7000000E+01   7.9168755E+05   1.3916221E+00   0.0000000E+00   2.1479811E+03   2.1479811E+03   1.0449833E+03   2.6513134E+00
   1.0000000E+03   5.7000000E+01   9.0314922E+05   1.7121994E+00   0.0000000E+00   2.2395297E+03   2.2395297E+03   1.0449833E+03   2.6513134E+00
   1.0200000E+03   5.7000000E+01   1.0137995E+06   2.0895687E+00   0.0000000E+00   2.3326172E+03   2.3326172E+03   1.0449833E+03   2.6513134E+00
   1.0400000E+03   5.7000000E+01   1.1187587E+06   2.5306493E+00   0.0000000E+00   2.4270533E+03   2.4270533E+03   1.0449833E+03   2.6513134E+00
   1.0600000E+03   5.7000000E+01   1.2120482E+06   3.0427662E+00   0.0000000E+00   2.5226263E+03   2.5226263E+03   1.0449833E+03   2.6513134E+00
   1.0800000E+03   5.7000000E+01   1.2865520E+06   3.6336315E+00   0.0000000E+00   2.6191039E+03   2.6191039E+03   1.0449833E+03   2.6513134E+00
   1.1000000E+03   5.7000000E+01   1.3340094E+06   4.3113230E+00   0.0000000E+00   2.7162348E+03   2.7162348E+03   1.0449833E+03   2.6513134E+00
