TITLE     = ""
VARIABLES = "V1"
"V2"
"U/U<sub><math>%"
ZONE T="ZONE 003"
 STRANDID=0, SOLUTIONTIME=0
 I=73, J=17, K=1, ZONETYPE=Ordered
 DATAPACKING=BLOCK
 DT=(SINGLE SINGLE SINGLE )
 2.944340110E-001 2.944340110E-001 2.944340110E-001 2.944340110E-001 2.944340110E-001
 2.944340110E-001 2.944340110E-001 2.944340110E-001 2.944340110E-001 2.944340110E-001
 2.944340110E-001 2.944340110E-001 2.944340110E-001 2.944340110E-001 2.944340110E-001
 2.944340110E-001 2.944340110E-001 2.944340110E-001 2.944340110E-001 2.944340110E-001
 2.944340110E-001 2.944340110E-001 2.944340110E-001 2.944340110E-001 2.944340110E-001
 2.944340110E-001 2.944340110E-001 2.944340110E-001 2.944340110E-001 2.944340110E-001
 2.944340110E-001 2.944340110E-001 2.944340110E-001 2.944340110E-001 2.944340110E-001
 2.944340110E-001 2.944340110E-001 2.944340110E-001 2.944340110E-001 2.944340110E-001
 2.944340110E-001 2.944340110E-001 2.944340110E-001 2.944340110E-001 2.944340110E-001
 2.944340110E-001 2.944340110E-001 2.944340110E-001 2.944340110E-001 2.944340110E-001
 2.944340110E-001 2.944340110E-001 2.944340110E-001 2.944340110E-001 2.944340110E-001
 2.944340110E-001 2.944340110E-001 2.944340110E-001 2.944340110E-001 2.944340110E-001
 2.944340110E-001 2.944340110E-001 2.944340110E-001 2.944340110E-001 2.944340110E-001
 2.944340110E-001 2.944340110E-001 2.944340110E-001 2.944340110E-001 2.944340110E-001
 2.944340110E-001 2.944340110E-001 2.944340110E-001 5.047450066E-001 5.047450066E-001
 5.047450066E-001 5.047450066E-001 5.047450066E-001 5.047450066E-001 5.047450066E-001
 5.047450066E-001 5.047450066E-001 5.047450066E-001 5.047450066E-001 5.047450066E-001
 5.047450066E-001 5.047450066E-001 5.047450066E-001 5.047450066E-001 5.047450066E-001
 5.047450066E-001 5.047450066E-001 5.047450066E-001 5.047450066E-001 5.047450066E-001
 5.047450066E-001 5.047450066E-001 5.047450066E-001 5.047450066E-001 5.047450066E-001
 5.047450066E-001 5.047450066E-001 5.047450066E-001 5.047450066E-001 5.047450066E-001
 5.047450066E-001 5.047450066E-001 5.047450066E-001 5.047450066E-001 5.047450066E-001
 5.047450066E-001 5.047450066E-001 5.047450066E-001 5.047450066E-001 5.047450066E-001
 5.047450066E-001 5.047450066E-001 5.047450066E-001 5.047450066E-001 5.047450066E-001
 5.047450066E-001 5.047450066E-001 5.047450066E-001 5.047450066E-001 5.047450066E-001
 5.047450066E-001 5.047450066E-001 5.047450066E-001 5.047450066E-001 5.047450066E-001
 5.047450066E-001 5.047450066E-001 5.047450066E-001 5.047450066E-001 5.047450066E-001
 5.047450066E-001 5.047450066E-001 5.047450066E-001 5.047450066E-001 5.047450066E-001
 5.047450066E-001 5.047450066E-001 5.047450066E-001 5.047450066E-001 5.047450066E-001
 5.047450066E-001 7.150549889E-001 7.150549889E-001 7.150549889E-001 7.150549889E-001
 7.150549889E-001 7.150549889E-001 7.150549889E-001 7.150549889E-001 7.150549889E-001
 7.150549889E-001 7.150549889E-001 7.150549889E-001 7.150549889E-001 7.150549889E-001
 7.150549889E-001 7.150549889E-001 7.150549889E-001 7.150549889E-001 7.150549889E-001
 7.150549889E-001 7.150549889E-001 7.150549889E-001 7.150549889E-001 7.150549889E-001
 7.150549889E-001 7.150549889E-001 7.150549889E-001 7.150549889E-001 7.150549889E-001
 7.150549889E-001 7.150549889E-001 7.150549889E-001 7.150549889E-001 7.150549889E-001
 7.150549889E-001 7.150549889E-001 7.150549889E-001 7.150549889E-001 7.150549889E-001
 7.150549889E-001 7.150549889E-001 7.150549889E-001 7.150549889E-001 7.150549889E-001
 7.150549889E-001 7.150549889E-001 7.150549889E-001 7.150549889E-001 7.150549889E-001
 7.150549889E-001 7.150549889E-001 7.150549889E-001 7.150549889E-001 7.150549889E-001
 7.150549889E-001 7.150549889E-001 7.150549889E-001 7.150549889E-001 7.150549889E-001
 7.150549889E-001 7.150549889E-001 7.150549889E-001 7.150549889E-001 7.150549889E-001
 7.150549889E-001 7.150549889E-001 7.150549889E-001 7.150549889E-001 7.150549889E-001
 7.150549889E-001 7.150549889E-001 7.150549889E-001 7.150549889E-001 9.253649712E-001
 9.253649712E-001 9.253649712E-001 9.253649712E-001 9.253649712E-001 9.253649712E-001
 9.253649712E-001 9.253649712E-001 9.253649712E-001 9.253649712E-001 9.253649712E-001
 9.253649712E-001 9.253649712E-001 9.253649712E-001 9.253649712E-001 9.253649712E-001
 9.253649712E-001 9.253649712E-001 9.253649712E-001 9.253649712E-001 9.253649712E-001
 9.253649712E-001 9.253649712E-001 9.253649712E-001 9.253649712E-001 9.253649712E-001
 9.253649712E-001 9.253649712E-001 9.253649712E-001 9.253649712E-001 9.253649712E-001
 9.253649712E-001 9.253649712E-001 9.253649712E-001 9.253649712E-001 9.253649712E-001
 9.253649712E-001 9.253649712E-001 9.253649712E-001 9.253649712E-001 9.253649712E-001
 9.253649712E-001 9.253649712E-001 9.253649712E-001 9.253649712E-001 9.253649712E-001
 9.253649712E-001 9.253649712E-001 9.253649712E-001 9.253649712E-001 9.253649712E-001
 9.253649712E-001 9.253649712E-001 9.253649712E-001 9.253649712E-001 9.253649712E-001
 9.253649712E-001 9.253649712E-001 9.253649712E-001 9.253649712E-001 9.253649712E-001
 9.253649712E-001 9.253649712E-001 9.253649712E-001 9.253649712E-001 9.253649712E-001
 9.253649712E-001 9.253649712E-001 9.253649712E-001 9.253649712E-001 9.253649712E-001
 9.253649712E-001 9.253649712E-001 1.135674953E+000 1.135674953E+000 1.135674953E+000
 1.135674953E+000 1.135674953E+000 1.135674953E+000 1.135674953E+000 1.135674953E+000
 1.135674953E+000 1.135674953E+000 1.135674953E+000 1.135674953E+000 1.135674953E+000
 1.135674953E+000 1.135674953E+000 1.135674953E+000 1.135674953E+000 1.135674953E+000
 1.135674953E+000 1.135674953E+000 1.135674953E+000 1.135674953E+000 1.135674953E+000
 1.135674953E+000 1.135674953E+000 1.135674953E+000 1.135674953E+000 1.135674953E+000
 1.135674953E+000 1.135674953E+000 1.135674953E+000 1.135674953E+000 1.135674953E+000
 1.135674953E+000 1.135674953E+000 1.135674953E+000 1.135674953E+000 1.135674953E+000
 1.135674953E+000 1.135674953E+000 1.135674953E+000 1.135674953E+000 1.135674953E+000
 1.135674953E+000 1.135674953E+000 1.135674953E+000 1.135674953E+000 1.135674953E+000
 1.135674953E+000 1.135674953E+000 1.135674953E+000 1.135674953E+000 1.135674953E+000
 1.135674953E+000 1.135674953E+000 1.135674953E+000 1.135674953E+000 1.135674953E+000
 1.135674953E+000 1.135674953E+000 1.135674953E+000 1.135674953E+000 1.135674953E+000
 1.135674953E+000 1.135674953E+000 1.135674953E+000 1.135674953E+000 1.135674953E+000
 1.135674953E+000 1.135674953E+000 1.135674953E+000 1.135674953E+000 1.135674953E+000
 1.345986009E+000 1.345986009E+000 1.345986009E+000 1.345986009E+000 1.345986009E+000
 1.345986009E+000 1.345986009E+000 1.345986009E+000 1.345986009E+000 1.345986009E+000
 1.345986009E+000 1.345986009E+000 1.345986009E+000 1.345986009E+000 1.345986009E+000
 1.345986009E+000 1.345986009E+000 1.345986009E+000 1.345986009E+000 1.345986009E+000
 1.345986009E+000 1.345986009E+000 1.345986009E+000 1.345986009E+000 1.345986009E+000
 1.345986009E+000 1.345986009E+000 1.345986009E+000 1.345986009E+000 1.345986009E+000
 1.345986009E+000 1.345986009E+000 1.345986009E+000 1.345986009E+000 1.345986009E+000
 1.345986009E+000 1.345986009E+000 1.345986009E+000 1.345986009E+000 1.345986009E+000
 1.345986009E+000 1.345986009E+000 1.345986009E+000 1.345986009E+000 1.345986009E+000
 1.345986009E+000 1.345986009E+000 1.345986009E+000 1.345986009E+000 1.345986009E+000
 1.345986009E+000 1.345986009E+000 1.345986009E+000 1.345986009E+000 1.345986009E+000
 1.345986009E+000 1.345986009E+000 1.345986009E+000 1.345986009E+000 1.345986009E+000
 1.345986009E+000 1.345986009E+000 1.345986009E+000 1.345986009E+000 1.345986009E+000
 1.345986009E+000 1.345986009E+000 1.345986009E+000 1.345986009E+000 1.345986009E+000
 1.345986009E+000 1.345986009E+000 1.345986009E+000 1.556295991E+000 1.556295991E+000
 1.556295991E+000 1.556295991E+000 1.556295991E+000 1.556295991E+000 1.556295991E+000
 1.556295991E+000 1.556295991E+000 1.556295991E+000 1.556295991E+000 1.556295991E+000
 1.556295991E+000 1.556295991E+000 1.556295991E+000 1.556295991E+000 1.556295991E+000
 1.556295991E+000 1.556295991E+000 1.556295991E+000 1.556295991E+000 1.556295991E+000
 1.556295991E+000 1.556295991E+000 1.556295991E+000 1.556295991E+000 1.556295991E+000
 1.556295991E+000 1.556295991E+000 1.556295991E+000 1.556295991E+000 1.556295991E+000
 1.556295991E+000 1.556295991E+000 1.556295991E+000 1.556295991E+000 1.556295991E+000
 1.556295991E+000 1.556295991E+000 1.556295991E+000 1.556295991E+000 1.556295991E+000
 1.556295991E+000 1.556295991E+000 1.556295991E+000 1.556295991E+000 1.556295991E+000
 1.556295991E+000 1.556295991E+000 1.556295991E+000 1.556295991E+000 1.556295991E+000
 1.556295991E+000 1.556295991E+000 1.556295991E+000 1.556295991E+000 1.556295991E+000
 1.556295991E+000 1.556295991E+000 1.556295991E+000 1.556295991E+000 1.556295991E+000
 1.556295991E+000 1.556295991E+000 1.556295991E+000 1.556295991E+000 1.556295991E+000
 1.556295991E+000 1.556295991E+000 1.556295991E+000 1.556295991E+000 1.556295991E+000
 1.556295991E+000 1.766605973E+000 1.766605973E+000 1.766605973E+000 1.766605973E+000
 1.766605973E+000 1.766605973E+000 1.766605973E+000 1.766605973E+000 1.766605973E+000
 1.766605973E+000 1.766605973E+000 1.766605973E+000 1.766605973E+000 1.766605973E+000
 1.766605973E+000 1.766605973E+000 1.766605973E+000 1.766605973E+000 1.766605973E+000
 1.766605973E+000 1.766605973E+000 1.766605973E+000 1.766605973E+000 1.766605973E+000
 1.766605973E+000 1.766605973E+000 1.766605973E+000 1.766605973E+000 1.766605973E+000
 1.766605973E+000 1.766605973E+000 1.766605973E+000 1.766605973E+000 1.766605973E+000
 1.766605973E+000 1.766605973E+000 1.766605973E+000 1.766605973E+000 1.766605973E+000
 1.766605973E+000 1.766605973E+000 1.766605973E+000 1.766605973E+000 1.766605973E+000
 1.766605973E+000 1.766605973E+000 1.766605973E+000 1.766605973E+000 1.766605973E+000
 1.766605973E+000 1.766605973E+000 1.766605973E+000 1.766605973E+000 1.766605973E+000
 1.766605973E+000 1.766605973E+000 1.766605973E+000 1.766605973E+000 1.766605973E+000
 1.766605973E+000 1.766605973E+000 1.766605973E+000 1.766605973E+000 1.766605973E+000
 1.766605973E+000 1.766605973E+000 1.766605973E+000 1.766605973E+000 1.766605973E+000
 1.766605973E+000 1.766605973E+000 1.766605973E+000 1.766605973E+000 1.976915956E+000
 1.976915956E+000 1.976915956E+000 1.976915956E+000 1.976915956E+000 1.976915956E+000
 1.976915956E+000 1.976915956E+000 1.976915956E+000 1.976915956E+000 1.976915956E+000
 1.976915956E+000 1.976915956E+000 1.976915956E+000 1.976915956E+000 1.976915956E+000
 1.976915956E+000 1.976915956E+000 1.976915956E+000 1.976915956E+000 1.976915956E+000
 1.976915956E+000 1.976915956E+000 1.976915956E+000 1.976915956E+000 1.976915956E+000
 1.976915956E+000 1.976915956E+000 1.976915956E+000 1.976915956E+000 1.976915956E+000
 1.976915956E+000 1.976915956E+000 1.976915956E+000 1.976915956E+000 1.976915956E+000
 1.976915956E+000 1.976915956E+000 1.976915956E+000 1.976915956E+000 1.976915956E+000
 1.976915956E+000 1.976915956E+000 1.976915956E+000 1.976915956E+000 1.976915956E+000
 1.976915956E+000 1.976915956E+000 1.976915956E+000 1.976915956E+000 1.976915956E+000
 1.976915956E+000 1.976915956E+000 1.976915956E+000 1.976915956E+000 1.976915956E+000
 1.976915956E+000 1.976915956E+000 1.976915956E+000 1.976915956E+000 1.976915956E+000
 1.976915956E+000 1.976915956E+000 1.976915956E+000 1.976915956E+000 1.976915956E+000
 1.976915956E+000 1.976915956E+000 1.976915956E+000 1.976915956E+000 1.976915956E+000
 1.976915956E+000 1.976915956E+000 2.187227011E+000 2.187227011E+000 2.187227011E+000
 2.187227011E+000 2.187227011E+000 2.187227011E+000 2.187227011E+000 2.187227011E+000
 2.187227011E+000 2.187227011E+000 2.187227011E+000 2.187227011E+000 2.187227011E+000
 2.187227011E+000 2.187227011E+000 2.187227011E+000 2.187227011E+000 2.187227011E+000
 2.187227011E+000 2.187227011E+000 2.187227011E+000 2.187227011E+000 2.187227011E+000
 2.187227011E+000 2.187227011E+000 2.187227011E+000 2.187227011E+000 2.187227011E+000
 2.187227011E+000 2.187227011E+000 2.187227011E+000 2.187227011E+000 2.187227011E+000
 2.187227011E+000 2.187227011E+000 2.187227011E+000 2.187227011E+000 2.187227011E+000
 2.187227011E+000 2.187227011E+000 2.187227011E+000 2.187227011E+000 2.187227011E+000
 2.187227011E+000 2.187227011E+000 2.187227011E+000 2.187227011E+000 2.187227011E+000
 2.187227011E+000 2.187227011E+000 2.187227011E+000 2.187227011E+000 2.187227011E+000
 2.187227011E+000 2.187227011E+000 2.187227011E+000 2.187227011E+000 2.187227011E+000
 2.187227011E+000 2.187227011E+000 2.187227011E+000 2.187227011E+000 2.187227011E+000
 2.187227011E+000 2.187227011E+000 2.187227011E+000 2.187227011E+000 2.187227011E+000
 2.187227011E+000 2.187227011E+000 2.187227011E+000 2.187227011E+000 2.187227011E+000
 2.397536993E+000 2.397536993E+000 2.397536993E+000 2.397536993E+000 2.397536993E+000
 2.397536993E+000 2.397536993E+000 2.397536993E+000 2.397536993E+000 2.397536993E+000
 2.397536993E+000 2.397536993E+000 2.397536993E+000 2.397536993E+000 2.397536993E+000
 2.397536993E+000 2.397536993E+000 2.397536993E+000 2.397536993E+000 2.397536993E+000
 2.397536993E+000 2.397536993E+000 2.397536993E+000 2.397536993E+000 2.397536993E+000
 2.397536993E+000 2.397536993E+000 2.397536993E+000 2.397536993E+000 2.397536993E+000
 2.397536993E+000 2.397536993E+000 2.397536993E+000 2.397536993E+000 2.397536993E+000
 2.397536993E+000 2.397536993E+000 2.397536993E+000 2.397536993E+000 2.397536993E+000
 2.397536993E+000 2.397536993E+000 2.397536993E+000 2.397536993E+000 2.397536993E+000
 2.397536993E+000 2.397536993E+000 2.397536993E+000 2.397536993E+000 2.397536993E+000
 2.397536993E+000 2.397536993E+000 2.397536993E+000 2.397536993E+000 2.397536993E+000
 2.397536993E+000 2.397536993E+000 2.397536993E+000 2.397536993E+000 2.397536993E+000
 2.397536993E+000 2.397536993E+000 2.397536993E+000 2.397536993E+000 2.397536993E+000
 2.397536993E+000 2.397536993E+000 2.397536993E+000 2.397536993E+000 2.397536993E+000
 2.397536993E+000 2.397536993E+000 2.397536993E+000 2.607846975E+000 2.607846975E+000
 2.607846975E+000 2.607846975E+000 2.607846975E+000 2.607846975E+000 2.607846975E+000
 2.607846975E+000 2.607846975E+000 2.607846975E+000 2.607846975E+000 2.607846975E+000
 2.607846975E+000 2.607846975E+000 2.607846975E+000 2.607846975E+000 2.607846975E+000
 2.607846975E+000 2.607846975E+000 2.607846975E+000 2.607846975E+000 2.607846975E+000
 2.607846975E+000 2.607846975E+000 2.607846975E+000 2.607846975E+000 2.607846975E+000
 2.607846975E+000 2.607846975E+000 2.607846975E+000 2.607846975E+000 2.607846975E+000
 2.607846975E+000 2.607846975E+000 2.607846975E+000 2.607846975E+000 2.607846975E+000
 2.607846975E+000 2.607846975E+000 2.607846975E+000 2.607846975E+000 2.607846975E+000
 2.607846975E+000 2.607846975E+000 2.607846975E+000 2.607846975E+000 2.607846975E+000
 2.607846975E+000 2.607846975E+000 2.607846975E+000 2.607846975E+000 2.607846975E+000
 2.607846975E+000 2.607846975E+000 2.607846975E+000 2.607846975E+000 2.607846975E+000
 2.607846975E+000 2.607846975E+000 2.607846975E+000 2.607846975E+000 2.607846975E+000
 2.607846975E+000 2.607846975E+000 2.607846975E+000 2.607846975E+000 2.607846975E+000
 2.607846975E+000 2.607846975E+000 2.607846975E+000 2.607846975E+000 2.607846975E+000
 2.607846975E+000 2.818156958E+000 2.818156958E+000 2.818156958E+000 2.818156958E+000
 2.818156958E+000 2.818156958E+000 2.818156958E+000 2.818156958E+000 2.818156958E+000
 2.818156958E+000 2.818156958E+000 2.818156958E+000 2.818156958E+000 2.818156958E+000
 2.818156958E+000 2.818156958E+000 2.818156958E+000 2.818156958E+000 2.818156958E+000
 2.818156958E+000 2.818156958E+000 2.818156958E+000 2.818156958E+000 2.818156958E+000
 2.818156958E+000 2.818156958E+000 2.818156958E+000 2.818156958E+000 2.818156958E+000
 2.818156958E+000 2.818156958E+000 2.818156958E+000 2.818156958E+000 2.818156958E+000
 2.818156958E+000 2.818156958E+000 2.818156958E+000 2.818156958E+000 2.818156958E+000
 2.818156958E+000 2.818156958E+000 2.818156958E+000 2.818156958E+000 2.818156958E+000
 2.818156958E+000 2.818156958E+000 2.818156958E+000 2.818156958E+000 2.818156958E+000
 2.818156958E+000 2.818156958E+000 2.818156958E+000 2.818156958E+000 2.818156958E+000
 2.818156958E+000 2.818156958E+000 2.818156958E+000 2.818156958E+000 2.818156958E+000
 2.818156958E+000 2.818156958E+000 2.818156958E+000 2.818156958E+000 2.818156958E+000
 2.818156958E+000 2.818156958E+000 2.818156958E+000 2.818156958E+000 2.818156958E+000
 2.818156958E+000 2.818156958E+000 2.818156958E+000 2.818156958E+000 3.028467894E+000
 3.028467894E+000 3.028467894E+000 3.028467894E+000 3.028467894E+000 3.028467894E+000
 3.028467894E+000 3.028467894E+000 3.028467894E+000 3.028467894E+000 3.028467894E+000
 3.028467894E+000 3.028467894E+000 3.028467894E+000 3.028467894E+000 3.028467894E+000
 3.028467894E+000 3.028467894E+000 3.028467894E+000 3.028467894E+000 3.028467894E+000
 3.028467894E+000 3.028467894E+000 3.028467894E+000 3.028467894E+000 3.028467894E+000
 3.028467894E+000 3.028467894E+000 3.028467894E+000 3.028467894E+000 3.028467894E+000
 3.028467894E+000 3.028467894E+000 3.028467894E+000 3.028467894E+000 3.028467894E+000
 3.028467894E+000 3.028467894E+000 3.028467894E+000 3.028467894E+000 3.028467894E+000
 3.028467894E+000 3.028467894E+000 3.028467894E+000 3.028467894E+000 3.028467894E+000
 3.028467894E+000 3.028467894E+000 3.028467894E+000 3.028467894E+000 3.028467894E+000
 3.028467894E+000 3.028467894E+000 3.028467894E+000 3.028467894E+000 3.028467894E+000
 3.028467894E+000 3.028467894E+000 3.028467894E+000 3.028467894E+000 3.028467894E+000
 3.028467894E+000 3.028467894E+000 3.028467894E+000 3.028467894E+000 3.028467894E+000
 3.028467894E+000 3.028467894E+000 3.028467894E+000 3.028467894E+000 3.028467894E+000
 3.028467894E+000 3.028467894E+000 3.238778114E+000 3.238778114E+000 3.238778114E+000
 3.238778114E+000 3.238778114E+000 3.238778114E+000 3.238778114E+000 3.238778114E+000
 3.238778114E+000 3.238778114E+000 3.238778114E+000 3.238778114E+000 3.238778114E+000
 3.238778114E+000 3.238778114E+000 3.238778114E+000 3.238778114E+000 3.238778114E+000
 3.238778114E+000 3.238778114E+000 3.238778114E+000 3.238778114E+000 3.238778114E+000
 3.238778114E+000 3.238778114E+000 3.238778114E+000 3.238778114E+000 3.238778114E+000
 3.238778114E+000 3.238778114E+000 3.238778114E+000 3.238778114E+000 3.238778114E+000
 3.238778114E+000 3.238778114E+000 3.238778114E+000 3.238778114E+000 3.238778114E+000
 3.238778114E+000 3.238778114E+000 3.238778114E+000 3.238778114E+000 3.238778114E+000
 3.238778114E+000 3.238778114E+000 3.238778114E+000 3.238778114E+000 3.238778114E+000
 3.238778114E+000 3.238778114E+000 3.238778114E+000 3.238778114E+000 3.238778114E+000
 3.238778114E+000 3.238778114E+000 3.238778114E+000 3.238778114E+000 3.238778114E+000
 3.238778114E+000 3.238778114E+000 3.238778114E+000 3.238778114E+000 3.238778114E+000
 3.238778114E+000 3.238778114E+000 3.238778114E+000 3.238778114E+000 3.238778114E+000
 3.238778114E+000 3.238778114E+000 3.238778114E+000 3.238778114E+000 3.238778114E+000
 3.449088097E+000 3.449088097E+000 3.449088097E+000 3.449088097E+000 3.449088097E+000
 3.449088097E+000 3.449088097E+000 3.449088097E+000 3.449088097E+000 3.449088097E+000
 3.449088097E+000 3.449088097E+000 3.449088097E+000 3.449088097E+000 3.449088097E+000
 3.449088097E+000 3.449088097E+000 3.449088097E+000 3.449088097E+000 3.449088097E+000
 3.449088097E+000 3.449088097E+000 3.449088097E+000 3.449088097E+000 3.449088097E+000
 3.449088097E+000 3.449088097E+000 3.449088097E+000 3.449088097E+000 3.449088097E+000
 3.449088097E+000 3.449088097E+000 3.449088097E+000 3.449088097E+000 3.449088097E+000
 3.449088097E+000 3.449088097E+000 3.449088097E+000 3.449088097E+000 3.449088097E+000
 3.449088097E+000 3.449088097E+000 3.449088097E+000 3.449088097E+000 3.449088097E+000
 3.449088097E+000 3.449088097E+000 3.449088097E+000 3.449088097E+000 3.449088097E+000
 3.449088097E+000 3.449088097E+000 3.449088097E+000 3.449088097E+000 3.449088097E+000
 3.449088097E+000 3.449088097E+000 3.449088097E+000 3.449088097E+000 3.449088097E+000
 3.449088097E+000 3.449088097E+000 3.449088097E+000 3.449088097E+000 3.449088097E+000
 3.449088097E+000 3.449088097E+000 3.449088097E+000 3.449088097E+000 3.449088097E+000
 3.449088097E+000 3.449088097E+000 3.449088097E+000 3.659398079E+000 3.659398079E+000
 3.659398079E+000 3.659398079E+000 3.659398079E+000 3.659398079E+000 3.659398079E+000
 3.659398079E+000 3.659398079E+000 3.659398079E+000 3.659398079E+000 3.659398079E+000
 3.659398079E+000 3.659398079E+000 3.659398079E+000 3.659398079E+000 3.659398079E+000
 3.659398079E+000 3.659398079E+000 3.659398079E+000 3.659398079E+000 3.659398079E+000
 3.659398079E+000 3.659398079E+000 3.659398079E+000 3.659398079E+000 3.659398079E+000
 3.659398079E+000 3.659398079E+000 3.659398079E+000 3.659398079E+000 3.659398079E+000
 3.659398079E+000 3.659398079E+000 3.659398079E+000 3.659398079E+000 3.659398079E+000
 3.659398079E+000 3.659398079E+000 3.659398079E+000 3.659398079E+000 3.659398079E+000
 3.659398079E+000 3.659398079E+000 3.659398079E+000 3.659398079E+000 3.659398079E+000
 3.659398079E+000 3.659398079E+000 3.659398079E+000 3.659398079E+000 3.659398079E+000
 3.659398079E+000 3.659398079E+000 3.659398079E+000 3.659398079E+000 3.659398079E+000
 3.659398079E+000 3.659398079E+000 3.659398079E+000 3.659398079E+000 3.659398079E+000
 3.659398079E+000 3.659398079E+000 3.659398079E+000 3.659398079E+000 3.659398079E+000
 3.659398079E+000 3.659398079E+000 3.659398079E+000 3.659398079E+000 3.659398079E+000
 3.659398079E+000
 -7.571168900E+000 -7.360858917E+000 -7.150547981E+000 -6.940237999E+000 -6.729928017E+000
 -6.519618034E+000 -6.309307098E+000 -6.098997116E+000 -5.888687134E+000 -5.678377151E+000
 -5.468066216E+000 -5.257756233E+000 -5.047445774E+000 -4.837135792E+000 -4.626824856E+000
 -4.416514874E+000 -4.206204891E+000 -3.995894909E+000 -3.785583973E+000 -3.575273991E+000
 -3.364964008E+000 -3.154654026E+000 -2.944343090E+000 -2.734033108E+000 -2.523722887E+000
 -2.313412905E+000 -2.103101969E+000 -1.892791986E+000 -1.682482004E+000 -1.472172022E+000
 -1.261860967E+000 -1.051550984E+000 -8.412410021E-001 -6.309310198E-001 -4.206199944E-001
 -2.103099972E-001 0.000000000E+000 2.103099972E-001 4.206199944E-001 6.309310198E-001
 8.412410021E-001 1.051550984E+000 1.261860967E+000 1.472172022E+000 1.682482004E+000
 1.892791986E+000 2.103101969E+000 2.313412905E+000 2.523722887E+000 2.734033108E+000
 2.944343090E+000 3.154654026E+000 3.364964008E+000 3.575273991E+000 3.785583973E+000
 3.995894909E+000 4.206204891E+000 4.416514874E+000 4.626824856E+000 4.837135792E+000
 5.047445774E+000 5.257756233E+000 5.468066216E+000 5.678377151E+000 5.888687134E+000
 6.098997116E+000 6.309307098E+000 6.519618034E+000 6.729928017E+000 6.940237999E+000
 7.150547981E+000 7.360858917E+000 7.571168900E+000 -7.571168900E+000 -7.360858917E+000
 -7.150547981E+000 -6.940237999E+000 -6.729928017E+000 -6.519618034E+000 -6.309307098E+000
 -6.098997116E+000 -5.888687134E+000 -5.678377151E+000 -5.468066216E+000 -5.257756233E+000
 -5.047445774E+000 -4.837135792E+000 -4.626824856E+000 -4.416514874E+000 -4.206204891E+000
 -3.995894909E+000 -3.785583973E+000 -3.575273991E+000 -3.364964008E+000 -3.154654026E+000
 -2.944343090E+000 -2.734033108E+000 -2.523722887E+000 -2.313412905E+000 -2.103101969E+000
 -1.892791986E+000 -1.682482004E+000 -1.472172022E+000 -1.261860967E+000 -1.051550984E+000
 -8.412410021E-001 -6.309310198E-001 -4.206199944E-001 -2.103099972E-001 0.000000000E+000
 2.103099972E-001 4.206199944E-001 6.309310198E-001 8.412410021E-001 1.051550984E+000
 1.261860967E+000 1.472172022E+000 1.682482004E+000 1.892791986E+000 2.103101969E+000
 2.313412905E+000 2.523722887E+000 2.734033108E+000 2.944343090E+000 3.154654026E+000
 3.364964008E+000 3.575273991E+000 3.785583973E+000 3.995894909E+000 4.206204891E+000
 4.416514874E+000 4.626824856E+000 4.837135792E+000 5.047445774E+000 5.257756233E+000
 5.468066216E+000 5.678377151E+000 5.888687134E+000 6.098997116E+000 6.309307098E+000
 6.519618034E+000 6.729928017E+000 6.940237999E+000 7.150547981E+000 7.360858917E+000
 7.571168900E+000 -7.571168900E+000 -7.360858917E+000 -7.150547981E+000 -6.940237999E+000
 -6.729928017E+000 -6.519618034E+000 -6.309307098E+000 -6.098997116E+000 -5.888687134E+000
 -5.678377151E+000 -5.468066216E+000 -5.257756233E+000 -5.047445774E+000 -4.837135792E+000
 -4.626824856E+000 -4.416514874E+000 -4.206204891E+000 -3.995894909E+000 -3.785583973E+000
 -3.575273991E+000 -3.364964008E+000 -3.154654026E+000 -2.944343090E+000 -2.734033108E+000
 -2.523722887E+000 -2.313412905E+000 -2.103101969E+000 -1.892791986E+000 -1.682482004E+000
 -1.472172022E+000 -1.261860967E+000 -1.051550984E+000 -8.412410021E-001 -6.309310198E-001
 -4.206199944E-001 -2.103099972E-001 0.000000000E+000 2.103099972E-001 4.206199944E-001
 6.309310198E-001 8.412410021E-001 1.051550984E+000 1.261860967E+000 1.472172022E+000
 1.682482004E+000 1.892791986E+000 2.103101969E+000 2.313412905E+000 2.523722887E+000
 2.734033108E+000 2.944343090E+000 3.154654026E+000 3.364964008E+000 3.575273991E+000
 3.785583973E+000 3.995894909E+000 4.206204891E+000 4.416514874E+000 4.626824856E+000
 4.837135792E+000 5.047445774E+000 5.257756233E+000 5.468066216E+000 5.678377151E+000
 5.888687134E+000 6.098997116E+000 6.309307098E+000 6.519618034E+000 6.729928017E+000
 6.940237999E+000 7.150547981E+000 7.360858917E+000 7.571168900E+000 -7.571168900E+000
 -7.360858917E+000 -7.150547981E+000 -6.940237999E+000 -6.729928017E+000 -6.519618034E+000
 -6.309307098E+000 -6.098997116E+000 -5.888687134E+000 -5.678377151E+000 -5.468066216E+000
 -5.257756233E+000 -5.047445774E+000 -4.837135792E+000 -4.626824856E+000 -4.416514874E+000
 -4.206204891E+000 -3.995894909E+000 -3.785583973E+000 -3.575273991E+000 -3.364964008E+000
 -3.154654026E+000 -2.944343090E+000 -2.734033108E+000 -2.523722887E+000 -2.313412905E+000
 -2.103101969E+000 -1.892791986E+000 -1.682482004E+000 -1.472172022E+000 -1.261860967E+000
 -1.051550984E+000 -8.412410021E-001 -6.309310198E-001 -4.206199944E-001 -2.103099972E-001
 0.000000000E+000 2.103099972E-001 4.206199944E-001 6.309310198E-001 8.412410021E-001
 1.051550984E+000 1.261860967E+000 1.472172022E+000 1.682482004E+000 1.892791986E+000
 2.103101969E+000 2.313412905E+000 2.523722887E+000 2.734033108E+000 2.944343090E+000
 3.154654026E+000 3.364964008E+000 3.575273991E+000 3.785583973E+000 3.995894909E+000
 4.206204891E+000 4.416514874E+000 4.626824856E+000 4.837135792E+000 5.047445774E+000
 5.257756233E+000 5.468066216E+000 5.678377151E+000 5.888687134E+000 6.098997116E+000
 6.309307098E+000 6.519618034E+000 6.729928017E+000 6.940237999E+000 7.150547981E+000
 7.360858917E+000 7.571168900E+000 -7.571168900E+000 -7.360858917E+000 -7.150547981E+000
 -6.940237999E+000 -6.729928017E+000 -6.519618034E+000 -6.309307098E+000 -6.098997116E+000
 -5.888687134E+000 -5.678377151E+000 -5.468066216E+000 -5.257756233E+000 -5.047445774E+000
 -4.837135792E+000 -4.626824856E+000 -4.416514874E+000 -4.206204891E+000 -3.995894909E+000
 -3.785583973E+000 -3.575273991E+000 -3.364964008E+000 -3.154654026E+000 -2.944343090E+000
 -2.734033108E+000 -2.523722887E+000 -2.313412905E+000 -2.103101969E+000 -1.892791986E+000
 -1.682482004E+000 -1.472172022E+000 -1.261860967E+000 -1.051550984E+000 -8.412410021E-001
 -6.309310198E-001 -4.206199944E-001 -2.103099972E-001 0.000000000E+000 2.103099972E-001
 4.206199944E-001 6.309310198E-001 8.412410021E-001 1.051550984E+000 1.261860967E+000
 1.472172022E+000 1.682482004E+000 1.892791986E+000 2.103101969E+000 2.313412905E+000
 2.523722887E+000 2.734033108E+000 2.944343090E+000 3.154654026E+000 3.364964008E+000
 3.575273991E+000 3.785583973E+000 3.995894909E+000 4.206204891E+000 4.416514874E+000
 4.626824856E+000 4.837135792E+000 5.047445774E+000 5.257756233E+000 5.468066216E+000
 5.678377151E+000 5.888687134E+000 6.098997116E+000 6.309307098E+000 6.519618034E+000
 6.729928017E+000 6.940237999E+000 7.150547981E+000 7.360858917E+000 7.571168900E+000
 -7.571168900E+000 -7.360858917E+000 -7.150547981E+000 -6.940237999E+000 -6.729928017E+000
 -6.519618034E+000 -6.309307098E+000 -6.098997116E+000 -5.888687134E+000 -5.678377151E+000
 -5.468066216E+000 -5.257756233E+000 -5.047445774E+000 -4.837135792E+000 -4.626824856E+000
 -4.416514874E+000 -4.206204891E+000 -3.995894909E+000 -3.785583973E+000 -3.575273991E+000
 -3.364964008E+000 -3.154654026E+000 -2.944343090E+000 -2.734033108E+000 -2.523722887E+000
 -2.313412905E+000 -2.103101969E+000 -1.892791986E+000 -1.682482004E+000 -1.472172022E+000
 -1.261860967E+000 -1.051550984E+000 -8.412410021E-001 -6.309310198E-001 -4.206199944E-001
 -2.103099972E-001 0.000000000E+000 2.103099972E-001 4.206199944E-001 6.309310198E-001
 8.412410021E-001 1.051550984E+000 1.261860967E+000 1.472172022E+000 1.682482004E+000
 1.892791986E+000 2.103101969E+000 2.313412905E+000 2.523722887E+000 2.734033108E+000
 2.944343090E+000 3.154654026E+000 3.364964008E+000 3.575273991E+000 3.785583973E+000
 3.995894909E+000 4.206204891E+000 4.416514874E+000 4.626824856E+000 4.837135792E+000
 5.047445774E+000 5.257756233E+000 5.468066216E+000 5.678377151E+000 5.888687134E+000
 6.098997116E+000 6.309307098E+000 6.519618034E+000 6.729928017E+000 6.940237999E+000
 7.150547981E+000 7.360858917E+000 7.571168900E+000 -7.571168900E+000 -7.360858917E+000
 -7.150547981E+000 -6.940237999E+000 -6.729928017E+000 -6.519618034E+000 -6.309307098E+000
 -6.098997116E+000 -5.888687134E+000 -5.678377151E+000 -5.468066216E+000 -5.257756233E+000
 -5.047445774E+000 -4.837135792E+000 -4.626824856E+000 -4.416514874E+000 -4.206204891E+000
 -3.995894909E+000 -3.785583973E+000 -3.575273991E+000 -3.364964008E+000 -3.154654026E+000
 -2.944343090E+000 -2.734033108E+000 -2.523722887E+000 -2.313412905E+000 -2.103101969E+000
 -1.892791986E+000 -1.682482004E+000 -1.472172022E+000 -1.261860967E+000 -1.051550984E+000
 -8.412410021E-001 -6.309310198E-001 -4.206199944E-001 -2.103099972E-001 0.000000000E+000
 2.103099972E-001 4.206199944E-001 6.309310198E-001 8.412410021E-001 1.051550984E+000
 1.261860967E+000 1.472172022E+000 1.682482004E+000 1.892791986E+000 2.103101969E+000
 2.313412905E+000 2.523722887E+000 2.734033108E+000 2.944343090E+000 3.154654026E+000
 3.364964008E+000 3.575273991E+000 3.785583973E+000 3.995894909E+000 4.206204891E+000
 4.416514874E+000 4.626824856E+000 4.837135792E+000 5.047445774E+000 5.257756233E+000
 5.468066216E+000 5.678377151E+000 5.888687134E+000 6.098997116E+000 6.309307098E+000
 6.519618034E+000 6.729928017E+000 6.940237999E+000 7.150547981E+000 7.360858917E+000
 7.571168900E+000 -7.571168900E+000 -7.360858917E+000 -7.150547981E+000 -6.940237999E+000
 -6.729928017E+000 -6.519618034E+000 -6.309307098E+000 -6.098997116E+000 -5.888687134E+000
 -5.678377151E+000 -5.468066216E+000 -5.257756233E+000 -5.047445774E+000 -4.837135792E+000
 -4.626824856E+000 -4.416514874E+000 -4.206204891E+000 -3.995894909E+000 -3.785583973E+000
 -3.575273991E+000 -3.364964008E+000 -3.154654026E+000 -2.944343090E+000 -2.734033108E+000
 -2.523722887E+000 -2.313412905E+000 -2.103101969E+000 -1.892791986E+000 -1.682482004E+000
 -1.472172022E+000 -1.261860967E+000 -1.051550984E+000 -8.412410021E-001 -6.309310198E-001
 -4.206199944E-001 -2.103099972E-001 0.000000000E+000 2.103099972E-001 4.206199944E-001
 6.309310198E-001 8.412410021E-001 1.051550984E+000 1.261860967E+000 1.472172022E+000
 1.682482004E+000 1.892791986E+000 2.103101969E+000 2.313412905E+000 2.523722887E+000
 2.734033108E+000 2.944343090E+000 3.154654026E+000 3.364964008E+000 3.575273991E+000
 3.785583973E+000 3.995894909E+000 4.206204891E+000 4.416514874E+000 4.626824856E+000
 4.837135792E+000 5.047445774E+000 5.257756233E+000 5.468066216E+000 5.678377151E+000
 5.888687134E+000 6.098997116E+000 6.309307098E+000 6.519618034E+000 6.729928017E+000
 6.940237999E+000 7.150547981E+000 7.360858917E+000 7.571168900E+000 -7.571168900E+000
 -7.360858917E+000 -7.150547981E+000 -6.940237999E+000 -6.729928017E+000 -6.519618034E+000
 -6.309307098E+000 -6.098997116E+000 -5.888687134E+000 -5.678377151E+000 -5.468066216E+000
 -5.257756233E+000 -5.047445774E+000 -4.837135792E+000 -4.626824856E+000 -4.416514874E+000
 -4.206204891E+000 -3.995894909E+000 -3.785583973E+000 -3.575273991E+000 -3.364964008E+000
 -3.154654026E+000 -2.944343090E+000 -2.734033108E+000 -2.523722887E+000 -2.313412905E+000
 -2.103101969E+000 -1.892791986E+000 -1.682482004E+000 -1.472172022E+000 -1.261860967E+000
 -1.051550984E+000 -8.412410021E-001 -6.309310198E-001 -4.206199944E-001 -2.103099972E-001
 0.000000000E+000 2.103099972E-001 4.206199944E-001 6.309310198E-001 8.412410021E-001
 1.051550984E+000 1.261860967E+000 1.472172022E+000 1.682482004E+000 1.892791986E+000
 2.103101969E+000 2.313412905E+000 2.523722887E+000 2.734033108E+000 2.944343090E+000
 3.154654026E+000 3.364964008E+000 3.575273991E+000 3.785583973E+000 3.995894909E+000
 4.206204891E+000 4.416514874E+000 4.626824856E+000 4.837135792E+000 5.047445774E+000
 5.257756233E+000 5.468066216E+000 5.678377151E+000 5.888687134E+000 6.098997116E+000
 6.309307098E+000 6.519618034E+000 6.729928017E+000 6.940237999E+000 7.150547981E+000
 7.360858917E+000 7.571168900E+000 -7.571168900E+000 -7.360858917E+000 -7.150547981E+000
 -6.940237999E+000 -6.729928017E+000 -6.519618034E+000 -6.309307098E+000 -6.098997116E+000
 -5.888687134E+000 -5.678377151E+000 -5.468066216E+000 -5.257756233E+000 -5.047445774E+000
 -4.837135792E+000 -4.626824856E+000 -4.416514874E+000 -4.206204891E+000 -3.995894909E+000
 -3.785583973E+000 -3.575273991E+000 -3.364964008E+000 -3.154654026E+000 -2.944343090E+000
 -2.734033108E+000 -2.523722887E+000 -2.313412905E+000 -2.103101969E+000 -1.892791986E+000
 -1.682482004E+000 -1.472172022E+000 -1.261860967E+000 -1.051550984E+000 -8.412410021E-001
 -6.309310198E-001 -4.206199944E-001 -2.103099972E-001 0.000000000E+000 2.103099972E-001
 4.206199944E-001 6.309310198E-001 8.412410021E-001 1.051550984E+000 1.261860967E+000
 1.472172022E+000 1.682482004E+000 1.892791986E+000 2.103101969E+000 2.313412905E+000
 2.523722887E+000 2.734033108E+000 2.944343090E+000 3.154654026E+000 3.364964008E+000
 3.575273991E+000 3.785583973E+000 3.995894909E+000 4.206204891E+000 4.416514874E+000
 4.626824856E+000 4.837135792E+000 5.047445774E+000 5.257756233E+000 5.468066216E+000
 5.678377151E+000 5.888687134E+000 6.098997116E+000 6.309307098E+000 6.519618034E+000
 6.729928017E+000 6.940237999E+000 7.150547981E+000 7.360858917E+000 7.571168900E+000
 -7.571168900E+000 -7.360858917E+000 -7.150547981E+000 -6.940237999E+000 -6.729928017E+000
 -6.519618034E+000 -6.309307098E+000 -6.098997116E+000 -5.888687134E+000 -5.678377151E+000
 -5.468066216E+000 -5.257756233E+000 -5.047445774E+000 -4.837135792E+000 -4.626824856E+000
 -4.416514874E+000 -4.206204891E+000 -3.995894909E+000 -3.785583973E+000 -3.575273991E+000
 -3.364964008E+000 -3.154654026E+000 -2.944343090E+000 -2.734033108E+000 -2.523722887E+000
 -2.313412905E+000 -2.103101969E+000 -1.892791986E+000 -1.682482004E+000 -1.472172022E+000
 -1.261860967E+000 -1.051550984E+000 -8.412410021E-001 -6.309310198E-001 -4.206199944E-001
 -2.103099972E-001 0.000000000E+000 2.103099972E-001 4.206199944E-001 6.309310198E-001
 8.412410021E-001 1.051550984E+000 1.261860967E+000 1.472172022E+000 1.682482004E+000
 1.892791986E+000 2.103101969E+000 2.313412905E+000 2.523722887E+000 2.734033108E+000
 2.944343090E+000 3.154654026E+000 3.364964008E+000 3.575273991E+000 3.785583973E+000
 3.995894909E+000 4.206204891E+000 4.416514874E+000 4.626824856E+000 4.837135792E+000
 5.047445774E+000 5.257756233E+000 5.468066216E+000 5.678377151E+000 5.888687134E+000
 6.098997116E+000 6.309307098E+000 6.519618034E+000 6.729928017E+000 6.940237999E+000
 7.150547981E+000 7.360858917E+000 7.571168900E+000 -7.571168900E+000 -7.360858917E+000
 -7.150547981E+000 -6.940237999E+000 -6.729928017E+000 -6.519618034E+000 -6.309307098E+000
 -6.098997116E+000 -5.888687134E+000 -5.678377151E+000 -5.468066216E+000 -5.257756233E+000
 -5.047445774E+000 -4.837135792E+000 -4.626824856E+000 -4.416514874E+000 -4.206204891E+000
 -3.995894909E+000 -3.785583973E+000 -3.575273991E+000 -3.364964008E+000 -3.154654026E+000
 -2.944343090E+000 -2.734033108E+000 -2.523722887E+000 -2.313412905E+000 -2.103101969E+000
 -1.892791986E+000 -1.682482004E+000 -1.472172022E+000 -1.261860967E+000 -1.051550984E+000
 -8.412410021E-001 -6.309310198E-001 -4.206199944E-001 -2.103099972E-001 0.000000000E+000
 2.103099972E-001 4.206199944E-001 6.309310198E-001 8.412410021E-001 1.051550984E+000
 1.261860967E+000 1.472172022E+000 1.682482004E+000 1.892791986E+000 2.103101969E+000
 2.313412905E+000 2.523722887E+000 2.734033108E+000 2.944343090E+000 3.154654026E+000
 3.364964008E+000 3.575273991E+000 3.785583973E+000 3.995894909E+000 4.206204891E+000
 4.416514874E+000 4.626824856E+000 4.837135792E+000 5.047445774E+000 5.257756233E+000
 5.468066216E+000 5.678377151E+000 5.888687134E+000 6.098997116E+000 6.309307098E+000
 6.519618034E+000 6.729928017E+000 6.940237999E+000 7.150547981E+000 7.360858917E+000
 7.571168900E+000 -7.571168900E+000 -7.360858917E+000 -7.150547981E+000 -6.940237999E+000
 -6.729928017E+000 -6.519618034E+000 -6.309307098E+000 -6.098997116E+000 -5.888687134E+000
 -5.678377151E+000 -5.468066216E+000 -5.257756233E+000 -5.047445774E+000 -4.837135792E+000
 -4.626824856E+000 -4.416514874E+000 -4.206204891E+000 -3.995894909E+000 -3.785583973E+000
 -3.575273991E+000 -3.364964008E+000 -3.154654026E+000 -2.944343090E+000 -2.734033108E+000
 -2.523722887E+000 -2.313412905E+000 -2.103101969E+000 -1.892791986E+000 -1.682482004E+000
 -1.472172022E+000 -1.261860967E+000 -1.051550984E+000 -8.412410021E-001 -6.309310198E-001
 -4.206199944E-001 -2.103099972E-001 0.000000000E+000 2.103099972E-001 4.206199944E-001
 6.309310198E-001 8.412410021E-001 1.051550984E+000 1.261860967E+000 1.472172022E+000
 1.682482004E+000 1.892791986E+000 2.103101969E+000 2.313412905E+000 2.523722887E+000
 2.734033108E+000 2.944343090E+000 3.154654026E+000 3.364964008E+000 3.575273991E+000
 3.785583973E+000 3.995894909E+000 4.206204891E+000 4.416514874E+000 4.626824856E+000
 4.837135792E+000 5.047445774E+000 5.257756233E+000 5.468066216E+000 5.678377151E+000
 5.888687134E+000 6.098997116E+000 6.309307098E+000 6.519618034E+000 6.729928017E+000
 6.940237999E+000 7.150547981E+000 7.360858917E+000 7.571168900E+000 -7.571168900E+000
 -7.360858917E+000 -7.150547981E+000 -6.940237999E+000 -6.729928017E+000 -6.519618034E+000
 -6.309307098E+000 -6.098997116E+000 -5.888687134E+000 -5.678377151E+000 -5.468066216E+000
 -5.257756233E+000 -5.047445774E+000 -4.837135792E+000 -4.626824856E+000 -4.416514874E+000
 -4.206204891E+000 -3.995894909E+000 -3.785583973E+000 -3.575273991E+000 -3.364964008E+000
 -3.154654026E+000 -2.944343090E+000 -2.734033108E+000 -2.523722887E+000 -2.313412905E+000
 -2.103101969E+000 -1.892791986E+000 -1.682482004E+000 -1.472172022E+000 -1.261860967E+000
 -1.051550984E+000 -8.412410021E-001 -6.309310198E-001 -4.206199944E-001 -2.103099972E-001
 0.000000000E+000 2.103099972E-001 4.206199944E-001 6.309310198E-001 8.412410021E-001
 1.051550984E+000 1.261860967E+000 1.472172022E+000 1.682482004E+000 1.892791986E+000
 2.103101969E+000 2.313412905E+000 2.523722887E+000 2.734033108E+000 2.944343090E+000
 3.154654026E+000 3.364964008E+000 3.575273991E+000 3.785583973E+000 3.995894909E+000
 4.206204891E+000 4.416514874E+000 4.626824856E+000 4.837135792E+000 5.047445774E+000
 5.257756233E+000 5.468066216E+000 5.678377151E+000 5.888687134E+000 6.098997116E+000
 6.309307098E+000 6.519618034E+000 6.729928017E+000 6.940237999E+000 7.150547981E+000
 7.360858917E+000 7.571168900E+000 -7.571168900E+000 -7.360858917E+000 -7.150547981E+000
 -6.940237999E+000 -6.729928017E+000 -6.519618034E+000 -6.309307098E+000 -6.098997116E+000
 -5.888687134E+000 -5.678377151E+000 -5.468066216E+000 -5.257756233E+000 -5.047445774E+000
 -4.837135792E+000 -4.626824856E+000 -4.416514874E+000 -4.206204891E+000 -3.995894909E+000
 -3.785583973E+000 -3.575273991E+000 -3.364964008E+000 -3.154654026E+000 -2.944343090E+000
 -2.734033108E+000 -2.523722887E+000 -2.313412905E+000 -2.103101969E+000 -1.892791986E+000
 -1.682482004E+000 -1.472172022E+000 -1.261860967E+000 -1.051550984E+000 -8.412410021E-001
 -6.309310198E-001 -4.206199944E-001 -2.103099972E-001 0.000000000E+000 2.103099972E-001
 4.206199944E-001 6.309310198E-001 8.412410021E-001 1.051550984E+000 1.261860967E+000
 1.472172022E+000 1.682482004E+000 1.892791986E+000 2.103101969E+000 2.313412905E+000
 2.523722887E+000 2.734033108E+000 2.944343090E+000 3.154654026E+000 3.364964008E+000
 3.575273991E+000 3.785583973E+000 3.995894909E+000 4.206204891E+000 4.416514874E+000
 4.626824856E+000 4.837135792E+000 5.047445774E+000 5.257756233E+000 5.468066216E+000
 5.678377151E+000 5.888687134E+000 6.098997116E+000 6.309307098E+000 6.519618034E+000
 6.729928017E+000 6.940237999E+000 7.150547981E+000 7.360858917E+000 7.571168900E+000
 -7.571168900E+000 -7.360858917E+000 -7.150547981E+000 -6.940237999E+000 -6.729928017E+000
 -6.519618034E+000 -6.309307098E+000 -6.098997116E+000 -5.888687134E+000 -5.678377151E+000
 -5.468066216E+000 -5.257756233E+000 -5.047445774E+000 -4.837135792E+000 -4.626824856E+000
 -4.416514874E+000 -4.206204891E+000 -3.995894909E+000 -3.785583973E+000 -3.575273991E+000
 -3.364964008E+000 -3.154654026E+000 -2.944343090E+000 -2.734033108E+000 -2.523722887E+000
 -2.313412905E+000 -2.103101969E+000 -1.892791986E+000 -1.682482004E+000 -1.472172022E+000
 -1.261860967E+000 -1.051550984E+000 -8.412410021E-001 -6.309310198E-001 -4.206199944E-001
 -2.103099972E-001 0.000000000E+000 2.103099972E-001 4.206199944E-001 6.309310198E-001
 8.412410021E-001 1.051550984E+000 1.261860967E+000 1.472172022E+000 1.682482004E+000
 1.892791986E+000 2.103101969E+000 2.313412905E+000 2.523722887E+000 2.734033108E+000
 2.944343090E+000 3.154654026E+000 3.364964008E+000 3.575273991E+000 3.785583973E+000
 3.995894909E+000 4.206204891E+000 4.416514874E+000 4.626824856E+000 4.837135792E+000
 5.047445774E+000 5.257756233E+000 5.468066216E+000 5.678377151E+000 5.888687134E+000
 6.098997116E+000 6.309307098E+000 6.519618034E+000 6.729928017E+000 6.940237999E+000
 7.150547981E+000 7.360858917E+000 7.571168900E+000 -7.571168900E+000 -7.360858917E+000
 -7.150547981E+000 -6.940237999E+000 -6.729928017E+000 -6.519618034E+000 -6.309307098E+000
 -6.098997116E+000 -5.888687134E+000 -5.678377151E+000 -5.468066216E+000 -5.257756233E+000
 -5.047445774E+000 -4.837135792E+000 -4.626824856E+000 -4.416514874E+000 -4.206204891E+000
 -3.995894909E+000 -3.785583973E+000 -3.575273991E+000 -3.364964008E+000 -3.154654026E+000
 -2.944343090E+000 -2.734033108E+000 -2.523722887E+000 -2.313412905E+000 -2.103101969E+000
 -1.892791986E+000 -1.682482004E+000 -1.472172022E+000 -1.261860967E+000 -1.051550984E+000
 -8.412410021E-001 -6.309310198E-001 -4.206199944E-001 -2.103099972E-001 0.000000000E+000
 2.103099972E-001 4.206199944E-001 6.309310198E-001 8.412410021E-001 1.051550984E+000
 1.261860967E+000 1.472172022E+000 1.682482004E+000 1.892791986E+000 2.103101969E+000
 2.313412905E+000 2.523722887E+000 2.734033108E+000 2.944343090E+000 3.154654026E+000
 3.364964008E+000 3.575273991E+000 3.785583973E+000 3.995894909E+000 4.206204891E+000
 4.416514874E+000 4.626824856E+000 4.837135792E+000 5.047445774E+000 5.257756233E+000
 5.468066216E+000 5.678377151E+000 5.888687134E+000 6.098997116E+000 6.309307098E+000
 6.519618034E+000 6.729928017E+000 6.940237999E+000 7.150547981E+000 7.360858917E+000
 7.571168900E+000
 8.947586417E-001 8.974152207E-001 8.988271952E-001 9.015103579E-001 9.002720714E-001
 8.995018601E-001 8.967812657E-001 9.003869295E-001 8.984664679E-001 9.046666622E-001
 9.037002921E-001 9.060971141E-001 9.083131552E-001 9.143107533E-001 9.535331726E-001
 9.534733891E-001 9.501222372E-001 9.434759617E-001 9.521552920E-001 9.560731649E-001
 9.586325884E-001 9.610703588E-001 9.595190287E-001 9.620471597E-001 9.602217674E-001
 9.661187530E-001 9.742872715E-001 9.913005233E-001 1.006277680E+000 1.025508761E+000
 1.027659059E+000 1.005570769E+000 9.118028879E-001 7.642846704E-001 5.649330616E-001
 2.972142100E-001 2.577562928E-001 5.151060820E-001 7.105811834E-001 8.703358769E-001
 9.780183434E-001 1.021961093E+000 1.024453402E+000 9.974302053E-001 9.625480771E-001
 9.253557324E-001 9.077289104E-001 9.057086110E-001 9.090563655E-001 9.036564827E-001
 9.006303549E-001 8.892705441E-001 8.815272450E-001 8.791428804E-001 8.732445836E-001
 8.833461404E-001 8.865100145E-001 8.843777180E-001 8.744888306E-001 8.703694344E-001
 8.649122715E-001 8.699931502E-001 8.632416725E-001 8.563469052E-001 8.618948460E-001
 8.622313142E-001 8.560068011E-001 8.494215012E-001 8.481394649E-001 8.484619260E-001
 8.527086377E-001 8.464350700E-001 8.438144326E-001 9.756568670E-001 9.772747755E-001
 9.803656340E-001 9.803010225E-001 9.771389365E-001 9.771494269E-001 9.771441817E-001
 9.738587737E-001 9.777132273E-001 9.823989272E-001 9.827261567E-001 9.838034511E-001
 9.846585393E-001 9.886167645E-001 9.926114082E-001 9.923867583E-001 9.912536144E-001
 9.910807014E-001 9.911538959E-001 9.942221642E-001 9.984995127E-001 1.001893282E+000
 1.002624989E+000 1.003648639E+000 1.004483342E+000 1.009099960E+000 1.015798211E+000
 1.022258639E+000 1.034601569E+000 1.047604442E+000 1.040659428E+000 9.655992985E-001
 7.322520614E-001 5.407850146E-001 3.447729945E-001 9.282325208E-002 -6.747152656E-002
 2.967221141E-001 4.568540156E-001 6.596773267E-001 8.907766342E-001 1.024299979E+000
 1.065926075E+000 1.043950081E+000 1.024100661E+000 1.007349133E+000 9.956644773E-001
 9.955536723E-001 9.949058294E-001 9.921293259E-001 9.867735505E-001 9.783736467E-001
 9.727585316E-001 9.746652246E-001 9.736387134E-001 9.754618406E-001 9.797831774E-001
 9.768415689E-001 9.691432118E-001 9.668136835E-001 9.630265236E-001 9.650145769E-001
 9.607742429E-001 9.574278593E-001 9.623718858E-001 9.618480206E-001 9.582301378E-001
 9.554748535E-001 9.553888440E-001 9.551623464E-001 9.553158879E-001 9.538964629E-001
 9.520143270E-001 9.956029654E-001 9.955068827E-001 9.962441325E-001 9.965065122E-001
 9.959797263E-001 9.958587289E-001 9.961432219E-001 9.965459704E-001 9.969615340E-001
 9.978856444E-001 9.985539913E-001 9.997544289E-001 1.000927925E+000 1.002125859E+000
 9.970625043E-001 9.976859093E-001 9.983773828E-001 9.982377291E-001 9.997378588E-001
 1.001760602E+000 1.004599690E+000 1.006536484E+000 1.009671688E+000 1.011543989E+000
 1.014446616E+000 1.017923236E+000 1.022034764E+000 1.027857423E+000 1.039664268E+000
 1.060921788E+000 1.049332380E+000 8.815541863E-001 5.392577052E-001 2.471500337E-001
 -1.828802675E-001 -2.783934474E-001 -2.877869904E-001 -2.403909862E-001 7.912436873E-002
 4.380652308E-001 7.975566387E-001 1.020550966E+000 1.083820820E+000 1.054774523E+000
 1.036826253E+000 1.026951075E+000 1.021213174E+000 1.018815041E+000 1.016890645E+000
 1.014090419E+000 1.011805654E+000 1.007708311E+000 1.006941080E+000 1.005297661E+000
 1.004544258E+000 1.003313065E+000 1.002844453E+000 1.002070069E+000 1.000651002E+000
 9.991857409E-001 9.976304173E-001 9.968222380E-001 9.956010580E-001 9.943522215E-001
 9.939982891E-001 9.948893189E-001 9.941796660E-001 9.937303662E-001 9.930274487E-001
 9.937926531E-001 9.928585887E-001 9.928461313E-001 9.928101897E-001 9.975180030E-001
 9.975915551E-001 9.981172085E-001 9.975494742E-001 9.977760911E-001 9.976602197E-001
 9.982879758E-001 9.984779954E-001 9.996398687E-001 9.996867776E-001 1.001195788E+000
 1.001512289E+000 1.002728701E+000 1.003608108E+000 9.972819686E-001 9.980370402E-001
 9.994168878E-001 9.999919534E-001 1.001062870E+000 1.003557563E+000 1.005776525E+000
 1.007753611E+000 1.010028124E+000 1.012875676E+000 1.015360951E+000 1.019647002E+000
 1.023755193E+000 1.030007243E+000 1.045352817E+000 1.075997472E+000 1.062155604E+000
 8.478135467E-001 4.399850368E-001 -1.921028197E-001 -3.095731437E-001 -3.397252262E-001
 -3.439277112E-001 -3.300923407E-001 -2.800872326E-001 2.772573829E-001 6.939044595E-001
 9.985494614E-001 1.101887107E+000 1.059584856E+000 1.038928866E+000 1.029631734E+000
 1.024314761E+000 1.021356702E+000 1.018507004E+000 1.015794635E+000 1.013730288E+000
 1.011839151E+000 1.010244608E+000 1.009049892E+000 1.007249594E+000 1.005291343E+000
 1.004811525E+000 1.003831029E+000 1.003162980E+000 1.001977324E+000 1.000992894E+000
 9.999864697E-001 9.994615316E-001 9.992893934E-001 9.989269972E-001 9.980190992E-001
 9.984043837E-001 9.977512956E-001 9.977715611E-001 9.977697730E-001 9.980701804E-001
 9.982782602E-001 9.981076121E-001 9.972569346E-001 9.977506995E-001 9.977855086E-001
 9.979159832E-001 9.981009960E-001 9.988937974E-001 9.989644885E-001 9.987661242E-001
 9.997696280E-001 1.000834107E+000 1.001397610E+000 1.002343178E+000 1.003337741E+000
 1.003028274E+000 9.978645444E-001 9.982668757E-001 9.994420409E-001 1.000623107E+000
 1.002631783E+000 1.003861427E+000 1.005818605E+000 1.008024812E+000 1.009972215E+000
 1.012645602E+000 1.015727401E+000 1.020006895E+000 1.024103284E+000 1.030090690E+000
 1.047224164E+000 1.085013866E+000 1.091414452E+000 9.270716906E-001 5.283017755E-001
 -1.220074296E-001 -3.185179234E-001 -3.411463201E-001 -3.376796544E-001 -3.324278295E-001
 -2.519681156E-001 3.563320339E-001 7.648033500E-001 1.053442240E+000 1.116376281E+000
 1.066309452E+000 1.040352225E+000 1.030595064E+000 1.025721073E+000 1.021385789E+000
 1.018155217E+000 1.015435100E+000 1.013305426E+000 1.011661530E+000 1.010411501E+000
 1.009345055E+000 1.007221580E+000 1.005377769E+000 1.004648805E+000 1.003851414E+000
 1.003031731E+000 1.002139568E+000 1.001119137E+000 1.000872731E+000 9.999402761E-001
 9.993352294E-001 9.989755154E-001 9.992265105E-001 9.988306165E-001 9.986322522E-001
 9.988140464E-001 9.979760647E-001 9.985368252E-001 9.984810352E-001 9.982169867E-001
 9.974288940E-001 9.981442094E-001 9.982879162E-001 9.986136556E-001 9.984998703E-001
 9.990472198E-001 9.995686412E-001 9.993339181E-001 9.994306564E-001 1.000887275E+000
 1.001175761E+000 1.002526999E+000 1.003407717E+000 1.004095197E+000 9.979840517E-001
 9.990651011E-001 9.994544387E-001 1.001072288E+000 1.002236605E+000 1.004008532E+000
 1.006105900E+000 1.008334279E+000 1.010691524E+000 1.012374997E+000 1.015422940E+000
 1.019287944E+000 1.024208307E+000 1.030659199E+000 1.044363141E+000 1.083159804E+000
 1.127068639E+000 1.037315845E+000 7.445318699E-001 3.905737996E-001 -1.567085981E-001
 -2.795228362E-001 -2.823295593E-001 -2.222650498E-001 2.436631918E-001 5.930680037E-001
 9.180365205E-001 1.107114077E+000 1.111008763E+000 1.060486674E+000 1.038067698E+000
 1.029642105E+000 1.024496794E+000 1.020927906E+000 1.018057466E+000 1.015713096E+000
 1.013904333E+000 1.011237621E+000 1.009781480E+000 1.008467317E+000 1.007740259E+000
 1.006028533E+000 1.004279971E+000 1.003659606E+000 1.002845168E+000 1.002511024E+000
 1.001280665E+000 1.000926495E+000 1.000843287E+000 1.000024915E+000 9.989752173E-001
 9.992261529E-001 9.982739687E-001 9.990203977E-001 9.988611937E-001 9.987734556E-001
 9.986747503E-001 9.989327788E-001 9.987720847E-001 9.973753095E-001 9.981170297E-001
 9.984628558E-001 9.988822341E-001 9.985715151E-001 9.988553524E-001 9.989831448E-001
 9.992573857E-001 1.000236750E+000 1.000769377E+000 1.001400948E+000 1.001971126E+000
 1.002847910E+000 1.004163146E+000 9.980184436E-001 9.989029169E-001 9.999474883E-001
 1.000841856E+000 1.002508879E+000 1.004262686E+000 1.006070495E+000 1.007590055E+000
 1.010058999E+000 1.012655735E+000 1.015617251E+000 1.018872976E+000 1.022968888E+000
 1.028445601E+000 1.039221406E+000 1.069556117E+000 1.122104883E+000 1.138853669E+000
 1.004989386E+000 7.564073801E-001 5.217019916E-001 3.697631955E-001 3.506908417E-001
 4.331983924E-001 6.361662149E-001 8.808271289E-001 1.091277480E+000 1.155812263E+000
 1.093799233E+000 1.054102540E+000 1.036691070E+000 1.028737187E+000 1.023971438E+000
 1.020295858E+000 1.017348886E+000 1.014616132E+000 1.012990236E+000 1.011441231E+000
 1.010113478E+000 1.008800864E+000 1.007194877E+000 1.005692840E+000 1.004325986E+000
 1.003810406E+000 1.002374172E+000 1.002195358E+000 1.001197219E+000 1.000691533E+000
 1.000303149E+000 1.000033140E+000 9.999831319E-001 9.990447164E-001 9.988538623E-001
 9.988915324E-001 9.990793467E-001 9.993268847E-001 9.990422130E-001 9.985106587E-001
 9.991074204E-001 9.973019361E-001 9.983229637E-001 9.977709055E-001 9.984633923E-001
 9.987543821E-001 9.989073277E-001 9.992400408E-001 9.996030927E-001 1.000892282E+000
 1.000844479E+000 1.001481175E+000 1.001938224E+000 1.003263235E+000 1.004335999E+000
 9.982746840E-001 9.988989234E-001 9.997316003E-001 1.000781775E+000 1.002462268E+000
 1.003613114E+000 1.005679846E+000 1.007514358E+000 1.009479165E+000 1.012132525E+000
 1.015335441E+000 1.017576814E+000 1.020984173E+000 1.025559902E+000 1.033393145E+000
 1.051646709E+000 1.094090819E+000 1.158359170E+000 1.168110847E+000 1.079360008E+000
 9.518384933E-001 8.454353809E-001 8.295063376E-001 8.939694762E-001 1.008582711E+000
 1.131103635E+000 1.177106738E+000 1.136349201E+000 1.067190289E+000 1.042100310E+000
 1.031589985E+000 1.025874734E+000 1.022323370E+000 1.018479824E+000 1.016217947E+000
 1.014130592E+000 1.012331367E+000 1.010769606E+000 1.010015011E+000 1.007963777E+000
 1.006352305E+000 1.004828095E+000 1.004105806E+000 1.003532648E+000 1.002367973E+000
 1.002131104E+000 1.001434207E+000 1.000938296E+000 1.000474691E+000 9.999829531E-001
 1.000221014E+000 9.994449019E-001 9.995968938E-001 9.995634556E-001 9.992306828E-001
 9.995206594E-001 9.990515113E-001 9.993512034E-001 9.992660284E-001 9.980257750E-001
 9.978544712E-001 9.980260134E-001 9.986115694E-001 9.985707402E-001 9.984350204E-001
 9.988043308E-001 9.997374415E-001 1.000759006E+000 1.000842094E+000 1.001961112E+000
 1.002552986E+000 1.002931714E+000 1.004357576E+000 9.982201457E-001 9.989222288E-001
 9.994391203E-001 1.001258254E+000 1.002036691E+000 1.004009724E+000 1.005503535E+000
 1.006990194E+000 1.008513451E+000 1.011143804E+000 1.013733745E+000 1.016262412E+000
 1.019273996E+000 1.022566915E+000 1.027865171E+000 1.037578106E+000 1.059335113E+000
 1.107796788E+000 1.170547009E+000 1.208128929E+000 1.198794246E+000 1.175680399E+000
 1.166792154E+000 1.185871482E+000 1.204402804E+000 1.199349403E+000 1.146773458E+000
 1.084925413E+000 1.048751712E+000 1.035521030E+000 1.028602242E+000 1.024131179E+000
 1.020769000E+000 1.018085599E+000 1.015377998E+000 1.013433933E+000 1.011145592E+000
 1.010496020E+000 1.008916140E+000 1.007535338E+000 1.006253004E+000 1.004685163E+000
 1.004325032E+000 1.003214955E+000 1.002496719E+000 1.002063274E+000 1.001433015E+000
 1.000646591E+000 1.000083327E+000 1.000159860E+000 1.000302553E+000 9.996118546E-001
 9.999325275E-001 9.995800853E-001 9.993689060E-001 9.996466041E-001 9.992723465E-001
 9.995293021E-001 9.995211363E-001 9.976711869E-001 9.982019067E-001 9.984027147E-001
 9.985572696E-001 9.987090826E-001 9.994721413E-001 9.994572401E-001 1.000067353E+000
 1.000520587E+000 1.000956297E+000 1.001433730E+000 1.002191305E+000 1.003576994E+000
 1.003800750E+000 9.983895421E-001 9.994020462E-001 9.997092485E-001 1.000873089E+000
 1.001202226E+000 1.003410816E+000 1.004661322E+000 1.006504416E+000 1.008274198E+000
 1.010156631E+000 1.012588024E+000 1.014637828E+000 1.016751409E+000 1.019277453E+000
 1.023728251E+000 1.028852224E+000 1.039234996E+000 1.055891991E+000 1.095054388E+000
 1.144795895E+000 1.188696027E+000 1.219177365E+000 1.220806599E+000 1.204993248E+000
 1.175743461E+000 1.123997569E+000 1.077558994E+000 1.049014688E+000 1.034833312E+000
 1.028843522E+000 1.024848342E+000 1.021285415E+000 1.017994285E+000 1.016091704E+000
 1.013947606E+000 1.012281895E+000 1.010779858E+000 1.009247303E+000 1.008548498E+000
 1.006870866E+000 1.005876422E+000 1.004097581E+000 1.003966331E+000 1.003173947E+000
 1.002749205E+000 1.002008080E+000 1.001345873E+000 1.001350999E+000 1.000552535E+000
 1.000435352E+000 1.000219226E+000 1.000075102E+000 9.995205402E-001 9.996370673E-001
 9.998481274E-001 9.995214939E-001 9.992388487E-001 9.995281696E-001 9.993607998E-001
 9.977637529E-001 9.985074997E-001 9.982866645E-001 9.987483025E-001 9.989424944E-001
 9.993200898E-001 9.991564155E-001 1.000187874E+000 1.000040889E+000 1.001207471E+000
 1.001474142E+000 1.002590656E+000 1.003156185E+000 1.004401207E+000 9.980437756E-001
 9.985051155E-001 9.991659522E-001 9.999349713E-001 1.001768947E+000 1.002643108E+000
 1.003892660E+000 1.005827546E+000 1.007019520E+000 1.008988738E+000 1.010926485E+000
 1.013316989E+000 1.015113235E+000 1.016698241E+000 1.019843817E+000 1.023039699E+000
 1.027098775E+000 1.034244657E+000 1.043553352E+000 1.064032078E+000 1.085165501E+000
 1.104096770E+000 1.110874534E+000 1.099823594E+000 1.079833865E+000 1.056621075E+000
 1.041201353E+000 1.032375455E+000 1.027278304E+000 1.023871183E+000 1.021195412E+000
 1.018643379E+000 1.016464353E+000 1.014157414E+000 1.012415051E+000 1.011389256E+000
 1.009530902E+000 1.008616090E+000 1.007880449E+000 1.006887317E+000 1.005262136E+000
 1.004023194E+000 1.003881097E+000 1.003399372E+000 1.002672672E+000 1.002171755E+000
 1.001554847E+000 1.000758886E+000 1.000781536E+000 1.000532866E+000 9.997795820E-001
 1.000279665E+000 9.997897744E-001 1.000401616E+000 9.998623729E-001 1.000125289E+000
 9.999167919E-001 9.995516539E-001 9.991998076E-001 9.980347753E-001 9.984260201E-001
 9.990736246E-001 9.986079335E-001 9.989038706E-001 9.991561174E-001 9.995880127E-001
 1.000456452E+000 1.000599980E+000 1.001242638E+000 1.001552939E+000 1.002221346E+000
 1.002578259E+000 1.003329635E+000 9.978821278E-001 9.986023903E-001 9.993157983E-001
 1.000305176E+000 1.000815153E+000 1.002272725E+000 1.003452182E+000 1.004741907E+000
 1.006255388E+000 1.007825971E+000 1.009443402E+000 1.011647820E+000 1.012783408E+000
 1.014490843E+000 1.016618609E+000 1.018754601E+000 1.021849990E+000 1.024075031E+000
 1.027706027E+000 1.032508254E+000 1.038179159E+000 1.043218374E+000 1.044489861E+000
 1.040793896E+000 1.036238313E+000 1.031933427E+000 1.027765393E+000 1.024653554E+000
 1.022212267E+000 1.020681858E+000 1.018423557E+000 1.015778065E+000 1.013570309E+000
 1.012860179E+000 1.011192918E+000 1.009703755E+000 1.008760691E+000 1.007793069E+000
 1.006687641E+000 1.006529570E+000 1.004533291E+000 1.003823876E+000 1.003144860E+000
 1.002602339E+000 1.002969503E+000 1.001666069E+000 1.001279950E+000 1.000576615E+000
 1.000753284E+000 1.000758171E+000 1.000425339E+000 1.000272751E+000 9.998291135E-001
 9.995794296E-001 9.999372959E-001 9.999289513E-001 9.996320605E-001 9.995775819E-001
 9.994623065E-001 9.982091188E-001 9.981032014E-001 9.990186691E-001 9.985322356E-001
 9.987491965E-001 9.992541671E-001 9.994137883E-001 1.000110030E+000 1.000041366E+000
 1.000891209E+000 1.001386762E+000 1.001790047E+000 1.002675891E+000 1.002413273E+000
 9.979613423E-001 9.982268810E-001 9.990831017E-001 9.996024966E-001 1.001544237E+000
 1.001854062E+000 1.002703309E+000 1.004099488E+000 1.005521178E+000 1.006658792E+000
 1.008313298E+000 1.009925961E+000 1.010899901E+000 1.012842774E+000 1.013830781E+000
 1.015516162E+000 1.017091990E+000 1.018427134E+000 1.020367861E+000 1.022842765E+000
 1.024573922E+000 1.026167154E+000 1.026217103E+000 1.026388049E+000 1.024713993E+000
 1.022834778E+000 1.021602273E+000 1.019231677E+000 1.019033074E+000 1.017417669E+000
 1.015859962E+000 1.014011264E+000 1.012524486E+000 1.011344790E+000 1.009715199E+000
 1.008669257E+000 1.008093357E+000 1.006806254E+000 1.006067276E+000 1.005466580E+000
 1.004375219E+000 1.003643632E+000 1.003166080E+000 1.002835274E+000 1.002125144E+000
 1.000843167E+000 1.001084685E+000 1.000685453E+000 1.000614762E+000 1.000310421E+000
 1.000052810E+000 1.000095487E+000 9.997759461E-001 9.995397329E-001 1.000069976E+000
 9.989627004E-001 9.995618463E-001 9.992440939E-001 9.996476769E-001 9.983970523E-001
 9.978998899E-001 9.981953502E-001 9.988098145E-001 9.992028475E-001 9.993888140E-001
 9.998154044E-001 1.000235796E+000 1.000156045E+000 1.000566959E+000 1.000596762E+000
 1.002263665E+000 1.002268553E+000 1.002379894E+000 9.979242682E-001 9.983505011E-001
 9.986237288E-001 9.991410375E-001 9.999192357E-001 1.001004696E+000 1.002123117E+000
 1.002803683E+000 1.004040122E+000 1.005539536E+000 1.007303357E+000 1.007864714E+000
 1.009333849E+000 1.010304928E+000 1.011869550E+000 1.011969090E+000 1.014008880E+000
 1.015019417E+000 1.016060114E+000 1.017454386E+000 1.018566251E+000 1.019410253E+000
 1.019070268E+000 1.018603325E+000 1.017741561E+000 1.018336654E+000 1.017389774E+000
 1.016352296E+000 1.016692162E+000 1.014876842E+000 1.013161540E+000 1.011571407E+000
 1.010511398E+000 1.009335876E+000 1.008363724E+000 1.007405519E+000 1.006534219E+000
 1.006451249E+000 1.005926609E+000 1.004631519E+000 1.003714085E+000 1.002681494E+000
 1.002870083E+000 1.001960397E+000 1.001569629E+000 1.001149297E+000 1.000748634E+000
 1.000272870E+000 1.000544906E+000 1.000243902E+000 9.996958971E-001 9.995012283E-001
 9.994400144E-001 9.998619556E-001 9.998100996E-001 9.994924664E-001 9.994110465E-001
 9.993152022E-001 9.995083809E-001 9.978020191E-001 9.983472228E-001 9.982787371E-001
 9.988417029E-001 9.991289973E-001 9.986967444E-001 9.994982481E-001 9.993117452E-001
 9.996292591E-001 9.997359514E-001 1.000726104E+000 1.000947118E+000 1.001226306E+000
 1.001742482E+000 9.971544743E-001 9.976705313E-001 9.983119369E-001 9.986038208E-001
 9.992445111E-001 1.000717640E+000 1.001201510E+000 1.002115369E+000 1.003383756E+000
 1.003922939E+000 1.005835533E+000 1.006799698E+000 1.007384300E+000 1.008589625E+000
 1.009258628E+000 1.010580301E+000 1.011063457E+000 1.012321591E+000 1.013071418E+000
 1.012869716E+000 1.013831377E+000 1.014510751E+000 1.014499545E+000 1.014162898E+000
 1.014593363E+000 1.014469028E+000 1.014077663E+000 1.013483524E+000 1.013343692E+000
 1.011759877E+000 1.010509253E+000 1.009915471E+000 1.008417726E+000 1.008157730E+000
 1.007088661E+000 1.006877542E+000 1.005850554E+000 1.004954338E+000 1.005040765E+000
 1.004328609E+000 1.002842784E+000 1.002483010E+000 1.002474904E+000 1.001683354E+000
 1.001312017E+000 1.001174569E+000 1.000425816E+000 1.000017166E+000 9.998432994E-001
 9.996457696E-001 9.994935989E-001 9.991506338E-001 9.997681975E-001 9.994911551E-001
 9.991307259E-001 9.989050627E-001 9.995239377E-001 9.991156459E-001 9.993609190E-001
 9.976456165E-001 9.984801412E-001 9.983687997E-001 9.984307885E-001 9.986727238E-001
 9.987956285E-001 9.990317225E-001 9.993669391E-001 9.995592833E-001 9.997757673E-001
 1.000540495E+000 1.001137733E+000 1.001631379E+000 1.001554608E+000 9.970067739E-001
 9.972448945E-001 9.981215000E-001 9.979451299E-001 9.984554648E-001 9.998016953E-001
 1.000369072E+000 1.001258731E+000 1.002141356E+000 1.003441811E+000 1.003808379E+000
 1.004382610E+000 1.005800962E+000 1.006800890E+000 1.006878972E+000 1.008138418E+000
 1.008612990E+000 1.009869099E+000 1.010337234E+000 1.010613799E+000 1.010902762E+000
 1.011655331E+000 1.011249661E+000 1.011738658E+000 1.011849880E+000 1.011787295E+000
 1.011643171E+000 1.011195898E+000 1.010847569E+000 1.009308577E+000 1.008787870E+000
 1.007767916E+000 1.006813049E+000 1.006874681E+000 1.005355716E+000 1.005269289E+000
 1.004670858E+000 1.004551768E+000 1.003535867E+000 1.002923250E+000 1.002437115E+000
 1.001919270E+000 1.000899673E+000 1.001523495E+000 1.000724673E+000 1.000423074E+000
 9.998624325E-001 9.998997450E-001 9.997143149E-001 9.994249940E-001 9.993354082E-001
 9.992969036E-001 9.994530082E-001 9.993539453E-001 9.993649721E-001 9.991880059E-001
 9.997134209E-001 9.992510080E-001 9.992731214E-001 9.982609749E-001 9.981349111E-001
 9.980568886E-001 9.981130362E-001 9.985036254E-001 9.982495904E-001 9.986299276E-001
 9.983032346E-001 9.992950559E-001 9.997637272E-001 1.000043511E+000 1.000395775E+000
 1.001350164E+000 1.001772046E+000 9.966928363E-001 9.964866042E-001 9.975908399E-001
 9.976770282E-001 9.980056286E-001 9.989198446E-001 1.000003576E+000 1.000814795E+000
 1.001518250E+000 1.002651572E+000 1.002552271E+000 1.003677249E+000 1.004475474E+000
 1.004810810E+000 1.005219460E+000 1.006238580E+000 1.006754160E+000 1.007042646E+000
 1.008231282E+000 1.008229852E+000 1.008876443E+000 1.008741856E+000 1.009081721E+000
 1.009428024E+000 1.008867741E+000 1.009410858E+000 1.009099364E+000 1.009274006E+000
 1.008342981E+000 1.006961942E+000 1.007102728E+000 1.005981445E+000 1.005199075E+000
 1.005325556E+000 1.004720926E+000 1.004165173E+000 1.004022837E+000 1.003681660E+000
 1.002774000E+000 1.002702236E+000 1.001603842E+000 1.000969887E+000 1.001169324E+000
 1.001158714E+000 1.000059366E+000 9.995409846E-001 9.995507598E-001 9.998326302E-001
 9.996460080E-001 9.990227222E-001 9.991298318E-001 9.986803532E-001 9.984883070E-001
 9.991517067E-001 9.989517927E-001 9.995639324E-001 9.993612170E-001 9.994021058E-001
 9.994853139E-001
